106

college-dictant van een (161· studenten (Dogmatiek).

666 6616611661166 vorm 6661166611, 616 retro-acti& terugwerkt op 66 psychische
zijde 11611 266 6611111612136. De mensehelijke 1661 16 666 6616611666 1161-6611116661,
want 26 1161111 1111 111 66616616 1116111166, 66 266661· 6626 1661 16 86611 6111111111(-
11611118 11611 86666111611 6168611116 Waar 1111 66 1116116611 door 616 1661 66 8666611166
in zijn bewustzijn 161 116166111616 6161181, 116611 hij 8666 666616 1161111611, dan
616 666 1161 11111116 666161166116 161166 661166116 21311. Ε66 1116616 616 „begrijpen”
b. v. 16 66116666 666 1161 8611116116, 1116116, 166616 668116 van ,,6661161166.” Ζ66
2116 66 unum 61111166 6116 1161111611 11611 1161 1666661161111( 661111116121111 66161161166,
61161661166116 116616161116866, 611116666 6611 1161 661661166116 161166, of 111161 klank-
6666616666, 6111166116 6611 1161 6611161166116 8611116.

Ook 1161 66111116121111 van 666 1116116611 116611 (1116 2661111616611 1161161116611611
661116181666 616 6611 66166116611611 116161, 6111 21611 16 6666661611. Vandaar (161
61166 111161 11116611 16 611266 86661 611 66611111 6611111111, 6111161661· 16, 16111116] 1161
11661 66266 618611 86661 66161 1161661· 11116161, 1116116661· 11116 1161 1111611.

Η61261166 wat 86161 van 1161 6611111612116, 111661 dan ook inwerken op 1161
ethztsohe leven 11166116 66 Homine), 1111661 1161 6111166116 1611611 66161661 door 66
111116116116, 611 6626 16 1111661 661166166111 6661 11611111611661. Ζ66 kan 66111161
6111166116 1611611 11161 6116 66161 6616611666 161 116166111616 11661611. 1)6116661·16666-
116166, 6. v. 616 111 1161 11611 verborgen 16, κ61111 66161 161 11111118 op 1161 6168-
11616, 1111661 16111666 666611 11661· 21]·11 1166611666.

Β11261166 611 86161 6116112661· van 1161 161ιῖ916666 lez-en. Ook 611111661 21611 1111611
16 1661111161118 611 6116161166, 111 6666166168 611 16126118. 1116661616 66116611 611 161
66 666611111116 van (1611 1116116611 111 66 6166116. 0111661 1111 66 1116116611 61266
8666116666 16, 11611 66 261166 11161 6116616 1661168611 (16616686 66111611661166 weg.
Langs 66111611661166 111168 61668 66 261166 111 66 ψυχή van 666 1116116611; 66166-
11661] 8666616666 611 6661· 1161 166666616666 66111116121111 (1866111611 11161 Satan)
66 6611 116116 661· 116116161118, 6661 1161 6166186666 6611 61611( 6616611666 6611111161·
61668. (Locus 66 Fece-ato.) De 26666, 11611 1611816116 6161166661 6621611, 16 6611666168
11611 (1666 166111, 1166 61616611 6166661166 611111611181118 1166 66 11161-16611616116 1161-
6661111]κ11616; 111 1161 bewustmjn: 1161 61611611 van 66 16118611 111 66 1116616 661
111166111616. 1311 16 (16 666661666116 11116 66 26666; 66 11161161 611161 8611668266111,
661 66 261166 11161 11116611 8666166666 111 66 6611616666 66666116, 111661 001< 161
61666 1111116111 111 66 666161166116 6166166116.

Β626 6116ε (1666 166111, 66 11161166116111116 1161666111131111616 611 66 1116611161(121]”11
1161116666 8611161666 in 1161 666161166116, 611 daal· 1111 111 6626 6116 6111866 66 6616
(1666 1181, 16 6626 6616 (1666 1161116666 111 6116 6621611166 op somatische Wijze, 111 66
1111111666186 existentia». Α611862166 1111 6626 116111661118 van Gods 6616 6611 6116611111
66 111111116116186 6166166116 kan 11161666 1161266116, 111661 66 6666661168 (1666 616616
1166666 61616116661611611161-661866611116166116, 16661·66111611616611161166116161166.

