134
college-dictam: van een (101· studenten (Dogmatiek).

1311 11111101 01111111 0101 0οΖ0 1711111οι 111 welhe-n 1(1·100111001(10 (1001) 2111111001000,
0111 01·1(00(1 10 11100011 worden? Er zijss 10011 170100111110000 00100100100 01001100,
Ζο11001· 1(01·1(011]“1(0 01011111011110, 0001011, (110 001( (1011 (10011 1100100011. 00Ζο 1711001·οΗ
hebben (11011 (10011 11110101· 01110110. 130 (1110 1(0011101“1(00 worden 0017000011; 00
111 10 1101 1111, (1111 111011 1111111, ZOO (1001 (111 111111 (10 0010100010 17110 0011 (10011
00011 1111110010 001( 111 11001001 0011 11101 00010000 0100110101 (1011 0001), zoo 1710011
10011 1101 100111 0111 10 (1001100 170011 1111 0011 11001011 (1001 (10 1701011001100 (1101
001001710011 00001000.

Rome 001)11111(1 (10 10101111οῑ ι,,01 11011 00 baptizatus, 000 10 11111111Ζο”. 1110117110
11711100 00 01010101010010011 0101 171701011; (10 0001) 1011101 afhankelijk 17110 (10
1111011110 van (1011 0001001101, 011 10 001( 0101 111100111111 000010 101 2011011010.

13011 1101-0001) 1101111011 00Ζο 1(01·1(011 1110 0011 0111171701 17001 God 1100110000, 011
0111 We] op 117170001101 0100οῑ 10 117111 (1111110001 1101 0010010111·111(01; ,,11( 001001
0011 Ηο11100 Α1001110000 (3101010111Κο Κο1’1(” 17010101100 1170101, 00 28 Wijl 00
11010001) 1111011111 17110 (10 17010000101011100, 0111 00 (10011 1101 10 (10 110110 van (1011
1110110011 011 11101 171111 (3111101110 1111 (1011 11011101.

Bij (10 Α11111111111101011 1110110 (10 1101-(10011 11101 011 1101 111 of 11101 01·1(0111100 van
11000101 (10011, 11111111 had 000 11000100 01000. 130 Β11111101011 17110 100001717001010
(1001(00 01 111101 Ζο0 01701· als (10Δ Αο111)111)1101011; Ζο zijn ook (lezelfde 00010,
1717101· naam 01001110 0111 (10 001000011010 (101- 1110011 νο1110(101·(110.130 Α11111111-111101011
1101100 1111000 1100 111111, (110 1110 1(111(1 00000111 waren. Κ1000100011 1170100101
01·1(00(1. 13110 1110001 (10 (10011 1100 111111110 17100011. 130 131111110100 0170011701 1101100
011000001110 1101001100 11110, (110 00101 011 1100001011 10011110 0011 (1001) 0011700000.

Hand. 19 ; 3-ss (110111 11101 1101001 10 11701000 1000011001. Paulus 17011010
Ε1οΖ0 10011111000 171111 ζ1011110000, (110 171111 0011 Ηο1110011 (10001 11101 00110010
11110000. Ζο 11110000 0011 Simulacrum baptismi 0111171100οΠ (VS. 3); 1011111011
1717010011 Ζο 00000111, 011 (10 11011100 &cest kwam 01701 11011. ’

130 Αο11111111110100 1101001100 Ζ1011 op (1οΖ0 111111110 011 Ζο00011; Η101· 10 van 0011
11010001) 0111111(0. Mam· wi] 0100111100 1100010000 100, (1111 11711111· 01· 0011 Simulacrum
1111111101111 1100111111, 1717111 00011 (10011 10, (10 (1001) 01111 001( 1100 111001 1717010011 1000001000.

11101-0000 010010 lezen Wij‚ (1111 (10 (1001· ι1011110000 0000011100 0001111111Ιο 00000111
zijn. 130 (101111110110 171111 21111 (1001) 11110 11111010 111 (10 111101011111017110 (1011 Ηο111000
(10001. Mam· (110 12 1111100011 11711100 0101(1001·11011111100000000111. Ζο 200000 zelf:
Wij 1101111011 11101 00110010 of 01 000 Ηο11100 00001 10; 011 1311111110 1701·1(1(1111·1111111,
117111 00 (10011 171111 ,1011110000 1101001(01100. 1311111001 111001 (111 Ζο0 Verklaard, 0111
0011 10100 171111 ,1011110000 1001110000 21011 001101·110111(·“010 110011, 010 1101011001·
11110101 1·11111(10, 1010 117111 110111 10 1100111000 171111, 117111 001( ,1011110000 2011111
11111101 00111111(10. 130 10100 van Johannos 01001 zich (1110 (10010 bij Jezus aan,
0011 1111001 (1001 00111101100100 Ζ1011 als 0011 0001111100110 010011. ’

ΑΔΔἈ Lm„ .

