45

College-dictaat van een der studenten (Dogmatiek).

     

nieuw menschelijk 000100111 1011111011 schemen, 001 1100101000 111 00 110100110-
1011110 sanctorum. 001( had God 1111 1101 0011011011 1]]01]001]001]], 00 10000, 1101-
1(01’01]0 01010011101] 101 001] 010011101110 1011111011 00111011111110011. 130011, 111110100
0020 0011011011, 1100 Satan 001] 111111111 111100000100011, 001 111] 011 11101 (100 001131(
had, 10011 111] 20100, 001 00 0011000100 m'ed {joed was. Weten 17νο 10011 11701, (101
111 010 1110010011, 001 God 20100, dat het zeer 9000 ((1αο 00 010010 01111111000 1101
0110001010 1110001101] 00 010111110, 010 (100 01] 010 8010111111100110. 130 201100
1(01]]1 0011 001( 011110 011001] 11101011 11001, 001 00 1110110011 00]] Satan 00111100011,
01] 00 0011117100 171010110, 1101 θριαμβεύειν 13001001 0001111, (101(310011011171111.
1311 10 1101 00110010 1001001) 001· 11011100 80111111, (101 01100 00110111 1170101 op 1101
0000 01110οε dat God yerechtzaarcletycl werdt. 13001011] 20111] 00 11111(01]]0111]001011
101131(οΙ1, 001 001201100 010011101110, 1101117011( (100 00111011, 1101100001] 17110101.

Uit (111 0021011101111111, 001 (100 1101201100 010011101110, (101 Hij 0011101), 1101101101,
17100101] (10 1010011ᾶο 0011000110111100 voort:

le Volgens 00 0000011]Κο 0101110111101] 1(01111 001] 01001 (1001 (101 0010011011, 111
11710 God 00 110010 1101 work (101 11170001001100110 101 010110 111-01101, 11101 (101]
0001 0011 1011020011] 111-0000 101 01]111*11(1(011110. (Wat (111; ,,001] 01001 (1001” wil
2000011, 101011 W& 001] 00001111111( 10011011.)

Op zicshzelf 00110111011, 1(011 00 110001001100110 111 00110 1111001, 01] (10 20110001·
01) 0011 0000110111( 001] 1101110 1170201] 21]·11. Μο01 (10 1110001001100110 is 11101 0011
01100110 11010011001] 1011, 111001 21]· (1001100111 0011 vorm van 1110000.

Wij 21011 (ι. 001] 1(10111 17011 11170001001100110;

b. 0011 1100 11101 111111011οΙ1 1101] (1101] 1(10111;

0. 0011 0111001101] van (11011 1(1011];

(1.0011 00010001] 17011 001 (1110011011, 001110 ΘΟ, 70 jaan

e. 001] 110110011ῃο 111] (1011 000ος

Op (110 νο110011110 bij (1011 0000 111001 1100101 11701001] 00101. Op (10 0011000, 010
God in 1101 01011101] 1101100111, 1170101 111001 01 10 1117011110 11001111( 001000. 01120
Οο1001]101]]110 11001111 11] 111000 42 00 0000 ,,0110011 001] 010101171ηο 17011 00 2011001] 011
001] 000100110 101 1101 0011111100 1ον01].” 1311 11170101 11] 001] 10001170010001]
110000 part 1701] 2131] 1701·1011(01]00 0110100110 1701010011. 1101201100 01·111(1 (10
001001110111110 1111, 111011110οΥ 21]· 2001, 001 111 (111 1017011 01001110 001] 1(1011] 1100111001 001·
001100120011111010 0017011001] 1170101. 130 010010 010011 111 (10 117000100000110 110011
1110010 in 1101 moment 1701] (1011 0000. 13011 01001 (10 Ηο11100 (10001 21111 0100101] 0100.

Wanneer nu God 1110011110 10, 0111 11] 1101 01011101] (10 11011101]]01(1110, 010 11]
1101 00110010 101701] 1101] (1011 1110110011 1100 01001110 101 001]1(1011]1)001110010010100111
werd, op 00110 0001 0011 0000 van genade 10 1*0111]01(01], 0011 1100111001] 1110001]-
0101100, 001 1101 1110000, 1101117011( (10 111100010011010110 (1001100111 11] 0111011011, 00011
110002010011101010 is· 17001· (100. Hij 1100 1101 001( 11] 00110 1011111011 101 010110 1110110011.

1

