22
college-dictaat van een der 6160611166 (Dogmatiok).

goslacht 011061· (16 0116111610 66110111611, 611 0111161116 1110101 1100166616Ῑο 616 06
Ε611160, 1116610001 1101 1116116011611111 6166160111 66166611601161) 11161 000 11611 hebben.

[111 (1611 1101261161 11611 81111606 11111111 0011, 061 0111161116 111 0166 216 den ³72]ss komt

1161-61611611. 111 (11611 10126116 61666 26116 (16 116106666 op (1611 110016106οῑ ,,666
110111 101 11611101111116 (161· 1161066611, 611 101 11661’111κ1161(1 11611 11111 11011( Ι61·661.”

Μ611 61116616 6611006161( 61661 11611 ,,11111116166116116011” 0611 11611 ,1106666062
,,Π1111161·66116116011” 1111, 11611 „universum” afgeleid‚ 16 11661 6060, 00011 16666161
11600611 111611 6611 11110010 11611 ,,11611161·6661” 61661610, 611 1160111 61· 066 06 116166-
1ῑ61116 6611, (161 06 6611606 11001· 6116 6166601166 2011 21]11; 611 011 16 6611161161(
1161-1ζ6610.

ι1011. 11 ; 52. 111 (1626 61016116 11611 Kajafas 1110101 662660, (161 162116 11161
6116611 61611166 1110661 11001· (161 1101κ, 111661· 001( 0111 (16 1111106166 0006, 016 1161·-
6110010 11116166, 101 6611 16 11616606166. Wederom (lezelfde 660601116, (161 16 06
6011666166 116161116106 6166166166 1166611 11001 1161 koninkrijk 061116166166(166111-
1116 (11616016), 11161· 6611061110 τέκνα, 611 (161 0626 101 6611 6611160111 11106166
11101066 0001· 0111161116. 11176166 26 1161-6110010, 0611 11106166 26 66161 111 6611
111-06661· 0166616616 bij olkaar 661116661 zijn.

Ε611 11116606 6161116661 11111066 1116 111 1161 1161206616661111611( 11660611 0111161116.
Ook 11161611 bnjkt, (161 06 11611( 06 16006111061116 16 11611 11616666 0001· 06 20606
1111661111161. 111111616, 1161 11612061116661111611( 11611 066 0111161116 11161 6611661 66 61
op 1161 seit ziJnffl· 6161160111111010166. Ζο11 (16 1161206111116 11160111 hebben, 0611
1110061 (16 Ζο011 1166 000 (16 11161160116113116 66111111 6666661611, 661111( 21] 000106
201106 6611101066 11166. Wie (162611 band doorsnijdt, 11616161161 1161 116120661666-
111611( 611 16 11661 1161 0010661 11611 (1611 61106161 1111 (166 611110111161. Η61 13006-
1161116, 111661166611 1011611666 (166 611130 6611110110, 111166 0661016 (16 011061’161]’61116
11611 1161 66116616 01111616110061. En 111661 1161 11161 1111 1100161 op 666110166011116- ,
tus 611111 21011 11161 6611 0611 ,1000 6611, 111661· 6611 (16 61666011611]1(6 11611161.
Νο011 1110101 op (1611 1100161060 6661610, (161 H1j 6611 ,1000 111166, 61661 616606
1110101 6116 66011111 661660 op 1161 seit, 061 Hij mensch 11166. Α111]0 1110101 Hij
616 (16 11116606 Adam 1666601161 1161 661616 ’Ψ61110606110010 6661610 1 001. 15.
116111. 2 : 14.

De ἐνσάρκωσις 16 11116611661111111 11611 1161 66116616 11611066166611116111.13661016 ⁴
6661 1161 11611 111 0111161116 0001 161661 116611, 161116 101 1161 66116616 111611601161111(
6661601111, 611 (111 111616 066106611311, 616 06 66116111111116 11611 0111161116 6161 was
666 6666111111116 6611 1161 166660116113κ 666160111. Ook (16 60111110 10011, 016 op den
1116116011 11161, 116611 21111 0016111066 111 Adam. Christus 1110661 0116 11161 op Adam
1611166666 0111 06 60111110 11166 16 11611166.

Hiemi] komt„ 061 (1006 Ζο011 11161 6611 16611601161111( 6616006116611661166·

