105

college-dictaat van een der studenten (Dogmatiek).

,
113 afhouwing 361 6111166 13131611, 1717661 (106 011111061611 11331· (16 oorspronkeIiJke
1361113116 (161 6611611111116.

Ηο6116611 God in zijn 6611611111116 (131] (111111611661161111166613611136660116111116613ῐ>
Wanneer nu blijkt, 331 (103 11] ,(16 6611611111116 66161 Adam 11611161133111 1113111116,
611 3331113 116111 111111166 361] 33611] (166 16116116, 61] 331 hij 200 werd 101 661]
16116036 2161, 61] (131 (1116 36 11311113 humana (1161101011116611 11661331, 6636121136
in 1161 6011131166116 visibilis 61] 30361612113611]116111116111113116611611111161111116,
3311 170161 11161311, 331 1161 101 1161 17176261] (161 116111 116110011, 61160316 (101116116611,
dichotomisch 16 1116613311.

Μ611613333 16 (131] 001( 36 zichtbaarwording (161· 1161-1( 661] 163116661106 van
haa1·⁴dich0t0n]isch karakter. Gelijk 36 1116116611 partim visibilis 61] 11311111]
invisibilis 16, 200 16 001( (16 karl< 11311111] 1161100161136 101 (16 ὁρατά 611 partim
101 36 ἀόρατα. 1361111611 we 36]] 1116116611 6111161 116576111661111661331136,(1331160063
we 3611 1116116611 in 36]] 3003. In (1161] 311661] 116161116611611 106613113 1161 6611
1161001311613, 66]] 11061111331, 0111 001( 111661 60111311661] 16 worden 61] (1331011116611
(16 Η611166 56111111, (131, (111 11661331] in 116111657611166116 3116611,1061116116611166111711
0111 6611 1161133111. In elke ψυχή 1161 (16 (113116 0111 2161] 6001311661] 16 0116111131611.
’ 01]] (116261136 163611 1161 11] (16 116111, (116 11] 11331· 1101161116176111601116, (16
(113116 om 2161] 11331 11111161] 001( 60111311661] 16 176110011611.

1173011661 in (16 11161166116111116 ψυχή (16 (113116 211 0111 2161] 60111311661] 16 01161]-
1131611, (131] 110161 (13311111, (131 1161 σῶμα, 11733111] we 1111 1011311311361611, 11161616
1163111361] 116611. Elk geloovige 66170611, (131 (111 1161133111 116111 veel 111661· 1111116-
316611, (131] 116111111123311] 16 01]] 2161] 16 011611113161] 316 kind van God. 13331011]
nemen zij 311611 (16 11136111 van Ρ3111116 011 (16 11111161]; „Ik 6116113161116116611,1116
231 mi] verlossen van 1161 1161133111 (16266 30036 ·?'⁷

1316 1111161111κ6 313116 16 (1116 661] 110611113310111 6611 σῶμα 16 116110111611. (131
6611661 11] 61331 16 1161 116176111661] leven 101 11111116 16 1116116611. 1131133311 (131 6611
kind van God 11161 66111111ςὶ6 16, 17001331 hij 6611 σῶμα 116611, (131 3311 (11611 (113116
beantwoordt, 61] (111 11061111 (16 31106161 6611 σῶμα πνευματικόν, (1. W. Z. 661] σῶμα
(131 νο1κ0111611 1706111116 16 11001 1161 πνεῦμα 61] 61· 6611661 011 11361.

Op gelijke Wijze 16 1161 6661613 11161 36 116111. 136 116111, 01]](131 211 66]] 11161]-
schen· 611 66611 611661611662616011311 16, heeft 61761126616611 (1131160111 66]] 3106011116
01161111311116 16 1161111611. 1316 01161111311116 16 11161 311113 661116111116, 611611316. 13331011]
1131111661 21] in 1161 Regnum Gloriae 111616 1100161611 (131] 1161 1116116611611111
666136111, (131] 231 21] 66161 101 11331 ware absolute 01161111311116 6611011161] 21111.

Ε1· 16 1106 6611 (1113111166 113131161 1001161](16 1116636 00123311, 11733101111161
σῶμα τοῦ Χριστοῦ (161] (113116 11] 2161] heeft om 2161] in 1161 11111176113166 16 01161]-
1131611. God (16 116616 1061] heeft (161] 1116116611 11161 311661] 200 6660116111116613,
dat hij psychisch 611 601113116611 10661331, 111331· 001( 200, 331 2111] bewustzijn

