160
college-dietam van 0011 der studentem (Dogmatiek).

01001011 015011, 1110010011 11101] ’5 01101105 01111101, wat 10011 2011 van huis 110011
111000011100111. 1015 (1010011105 11011011 Wij 001( 1111 000 110100115011011 100111010101151
000. 001( 0001 001 11101110 20111011 0011 0011 0110010101. 13020 0011700010 werd 001( (1001
(10 001510 0101510001] 01010011001011. NauW 0011 011(00(101 1101100110οΠ, 1100000 20
1101100110, 0111 17001000101111( 111 1110011 17001701170101110, 011(000010001001150110111101111(
10 1015101000, 011 (1011 11100001110110 5101·1(01· 10 100001] (1001 000 0010000501]ορ-
1101111(00 1110011110. 0101110001111( (100(1 111011 (111 (10001111(5; 1101111000 werd 0011
0010οΚ011, (10 1101(01· 000100Κο0, 011 (10 (100(1 (105 1100100 1)0511101(011 0111101000111.
Μο11 1100111111, 1100 011 0020 11171120 00 110111011 κοινωνία 011 σύναξις 111 21710110
0111001011. Was (111 01105 010010011011, wat 000 111001· 51001115 (10111110011110110111100,
200 1100011 (10 εὐχαριστία 01 εὐλογία. 1311 was 1101 010011111Κο 011011001001. Ε1]
0111001 10001 2011 1110011100111, wat 101 0011110111100 1100010 was, werd 001( (10
1100111 προσφορά, 01110110 00111·1111(1. En 001111( 111011 bij (10 1101001150110 100011110οι]
2110 θυσία 1100, 200 001( 11000011 (10 (11111510000111111 θυσία, 110101101-110110111151115.

1301 111011 000 1101 0170001110οΙ 000 1100111 ,,5001011100111111” 001, 1(01111 0111001
(10 (10011 2001 2010011 νο01’1(1Ᾰ70111; 10001 1101 0170000100] 00100010, 501110110001011
(100, (10010111 werd 011 1101 010011111Κο ,,500100100111111.”

111 1101 Ἧο5100 kwamen 00 11115 011 (10 000101111110111001011 (10111100101000. 130
11115 was 1101 170110, 010011111Κο 5001001001, 00 communio 00 0001001111001700 (100
1001( 0011 1101 5001001001. 130 11115 werd (10001111(5, 00 0011101111110 0011100 1110101]
in 1101 1001 00171010. [130 1100111 „mis” 1(01111 11700150111101111( 1101] 00 111101·111(1(1110
,0111550 051 000110,” 1170010011, (110 00 01011001 511101(, 015 00 170100001100, 1170011111
001( 00 000110000100100 10000117001010 1110011100 2110, 01001001101] was, Α1100101]
11011100 1101 015 5170001001 van ,,0111010,” 00111101] 111. (10 511115 0101 2011010011100111,
111001 01 110011 1110110011 1101.]

Bi] 00 1101011110110 nu 1110051 111011 17001(νο,1111011(01·1(011]1(5111001(001111111(0117171]-

ken. Ν101 100 0112101110 van 0011 (10011; 111001· wel van 1101 0110110010οΙ, (101 in

21111 11702011 was 0011001051. 11011100 015 „mis” 011 „communio” b.v. 1(011000 0101
1111117011 11051000. Εο11 01000 110011] 1110051 111011 11111000, 0011 00Ηο11100 80111111
0111100110. 1310 1100111 was ,,50010 00000.” 1310 was 0020 001110, 0111001 11100 10
5111105011111100 510005 0111 001] 000111 1701100011 was, 011 0020 (10 1110051 0050111110
111001(. 10111101, Zwingn 01] (30111110 0001010100 11001; (10 111005011011 1011001000

110111101101·1111(. 130 1100015000 1(011( (100101110000 511100111 van „holy 0001011111100,” 01 -,

van ,,1110 110105 10111077 130 (101111001150110 νο11(011 5111017011 van 0110110010οΙ, 1100111-
111001, ’5 11001011 (115011, 110005015011 011 van 1100100100, 0011 111015200001100 1111-
01111(1(100. 1301 1101 1110010 ,,10101” in 0111111111( kwam, 1101, 111 00 1011011110 der
101015. 111 00 1110050110 1(011( 01110 011 00111011( 0011001 weg, wijl 10001 011 211110 1110015
211100 1111111. In 00 11111110150110 kerk ontvangt 111011 bij 1101 alt-aar 1101 111000 00
(1011 Wijn 1111 00 11000 (105 01000015. Μο01 111 00 0011110151150110 1011000 11011110

 

