127
college-dictaat van 0011 der studenten (Dogmatiek).

„Bad (101 17170(101001)00110’7 11001 (10 (1001), 11101 01110111 (10 ν170(101001)00110
01 (1001 001117011(1 11110101, 111001· 0110101 (10 1170ᾱο1001)01000 011 111] 0110011
1101 20001 17011 den Heiligen 13001) 00110001.

200 11001 001( (10 (1001) ,(10 1711100 010 000 goede conscientie 11001
G0d⁷⁷3 11101 0111001 (1020 1111100 1111 (100 (1001) 1700111710011, 1011111· 111 (1011
(1001) 1)0001117001(1 1110101, 0110101110 (10 (1001101100 111101 111 (1011 (1001) (10,
111010 211001 (0000100110 (1001 1101 (10010000010011111) 01111 (10 01111000011100
(1001· 1101 moed van (3111101110 0011711001. ΕΠ( 00(1001)10111001 (1111110111 (1001·
(10 1(01·1( 1)00(·1101111((1, 00 21011 2011 1)(10011011117001110111110100110(1(·17011)00(1
1000111111, 011 21], bij wie (1020 1011111100 01001110 0111100010 0111010 01001),
2111100 01 10 2110011101· 00111001 0111 (1111000.

1100010101110111 0111 (1020 ἓ 10 1701010110, 10 (1111 (10 011111000011010 (101· 2011ᾶο (1001·
1101 1)100(1 17011 (3111101110 bij (1011 (10011 901οῖ9 10, 111001· (1111 01) (100 1700101011(1
1100(11; (10 1011117100 111 1101 00110(101701“1)00(1. In 01120 1111110100110 00001111110011101ᾱ
11100 (111» 11101 111 1101 000, 011 (1110111001 111001 01 0011 11011012111701100. 111011001001(1
in (1020 17011171111100, (1111 1000 2001; Hm„ (110 0010011011 10 101 (10(1, 110011 (10
0101000011100, 1717001001 heeft hij (1011 1100 000 1001(00 110001οῬ

13001001 2011011 Wij 01) (1011 1700101000, (10 1011117100 10 1101 0000(1017011)011(1, of
wat ι11110101· 1οῑ (10 0110001100 111 11010000(101ῑο11)00(1. Want jnfijving 10 000 01010-
1)11γο100110 (1110(1, 1000111000 (10 1111νο11(102100. Μο111 0101011100 111 1101 00011(1ον011)011(1
10 1010 0001010. Εο0 11011)011(1 10011 2101 11101 01) 1101 0000, 1171111101) (10 1011117100111
1101 1110110001 17011 (1111101110 ,111101 We] 2101, 1110111 01) (10 170111011(1100 1110001100
1111100. Hei: 0000 111001 01 (1110 1·00(10 2110. En 1111 νο1011 1101 00011(1017011)00(1 0011
101110, (110 0110011 1(011 171101·Κο11 111 1101 001170012110, (1. 1. 111 1101 0010011 (301( bij
1101 genadeverbond 10 (10 21101( 1117001001οῑ 11100101( 1170011 11101101100000001000,
0111111 001( 111001 1101 001001 11701·Κο0(1 0011101111 011 worden versterkt. ]311111·(ῖ>111 10
1101 11001010001001 111 (1011 (1001), (101 111] 1101 20001 10 van (1011 1017010100 (1011, 01)
(10 0110001100 111 1101 0000(101701·1)00(1.

Ηο1 1000111) van 20001 10001 (1110 00101 1101-(1011 10000110111.

Εο11 20001 1111 10 1101 1001(00, 1111001111 (10 11010000 210112011 10111000010011. 13011101)
gaf (10 1(001110 0011 afflruk van 21111 0010000, 1170111001 1101 20001 (10 (1111001 117110
Van Zijn 0101001011, 011 (10 0011000100 van 1101 20001111011111100101100(·110111110 1101-(1
00011011.

Ν11 110011 God 001( 21111( 000 20001 (Op. 7 : 2). En 001( bij Ηο01 011·01(1(111, 0111
21111 01110111011 10 11001100 10 001700 011 00110 17011 Hem 10 (10011 11110000.

1311 20001 10 0001·111(1;

1Ο op (100 Christus (cf. Joh. 6 ; 271. 130 00111011110110 1111101 1101 (1001 1100. 130

