,ἦ ς,

61
0011000-0101001 van een der studenten (Dogmatiek).

Velen 2000011; 102110 110011 010 1111001000 11010101110010. Μο01· 00010100 10111011
11101 111001. Tot (10 10111101οῑ 11( 0001) 11 m 0011 Νο0111 0112., 11011111011110111011 0001·
1101 LatiJ'n: in Nomine Patris 010, 111001· 111 1101 6110110011 01001 βαπτίζω εἰς, 111101
10 0011 1000011101οΠ 111 010 01101111011110, (110 01 1101 111 01011 Νο0111.

÷W1j 1101110011 0011 001( 11101 11101 0011 0100100110 1001101101111010 10 (10011; 00112011
bij (10 11110010 10111 00 11νο1111110 0111100000, ,011 2011 001( 00 1011111110 0011001111100100
11100101] 21111 0011000011011, 011 001 111101 111 1101 Α10111000011, 11101 00201100 01101110οκ,
010 (10 Ηο010 1100.

Op 0011 1101111 1101111 1101 11101 200 0111111 0011. Ζο0 01· 101110110 (1001110 111 0011
Νο0111 11011 0011 1311000010 (3100, 200 2011 1101 kind ook gedoopt 21111. Op (10
000001110, 00 00011010 1001110011Ῑο 11011 00 111100111010 1101111 1101 0011; 010 111001
(1001011110011 101 1101 130001 11011 (1011 1110110011.

Wij 102011 (1011 001ζ, 001 (10 0110010100 000111011 111 0011 11100111 11011 102110; 01
101 (110 01101111011110, 010 111 102110 11010011011011 was. Volstrekt (1110 1110111101 01120
1011111110. 130 11001010111110 11011 (10 1300110- 011 Α11011011100101011111110 10 00010111010
1100100100, 11101 011010111010 S. Scripturae 101 010110 gekomen.

130 1101100110 0011 0011 110010 1011111110 100 111 0011 0010 11011 1101 sacrament, zoo-
10110 1101 (10111ζο11 1100 1111011110 111 00 0011100100 111100 000100010110011; 111 (10 001010
0001111011 110111100100 1101 0101110110, 010 1111 2110, 0011 200 (101011111110111010 0011111110.
Μο01 0001 00 110110111011 1111010 1101 (10011011 001( 01101 1101 13001110 11011110100010-
1110111 110002011011111, 011 1111010 0011 1011111110 1100010. Εο11 Α110011 11100111 111 00
1011111110 21111 0011100010 111, 1101001111011 1111010 1110111101, 011101000001011, 111 1110010 001
1101 111010 0011 1101111011 001000.

130 Κο11ζ 110011 00 1011111110 0011110010, 011 111101 01) 0011 11111120, (101 (10 Κο1κ 111010
0000, (1011 11Χο01·011; (1. W. Z. 20 110111 0001100010 00111111111100111011, (110 20 010111-
110100 101 1011111110. Ν101 101101·1111;; want „Ik (1001)”, 01001 01· 111 Mattheus 11101.
Μο01· 111 (11011 vorm 1111010 1101 0011Χο010.

Oves (10 Α11011(111100101011111110 10 10110 011110 0011110001, 11110110 11010011ῑ (10 1111001·-
0011 1111 0011 1011 Corinthfflbrief of 11011 Mattheus. 130 (101·010111100100 Kerk koos
00 001010.

Welke 11011( 1111 110011 (110 1011110100 1100100010]οῬ

1311 110011 1100 0000011 00 Εο010010 0000100111(το, 0110001111101, 0110000010, 11001
1101 0011101110 11011 (10 (110010 Kerk, 10011 (10 010110000111011 1100100 0111100110 110111
21111 110010001010.

1311 1101101 000111 11101 1101 000011101110011 1101011101 11011 (10 000101110111011. 111 (10
0000111011100110 Κο11( 1110101 111011 00000111, 111 (10 0100010000 0101010111κο 111101010-
kerk 1110011110. Ἶο10001011010 1100 111011 0011100011, 200 00101 110 1101 0011101110 (10
0110011110 101 010110 1111010 0011011100. Ν11 00111011(οΠ 20 0110 11011100.

Ν101110110 11100 00010111 1010 01· 0011 1101011001011. Ζο11110 10 het: εἰς (1001· „tot”

