176
college-dictanda van 6611 der studenten (Dogmatiek).

(16 1(61·1( gleboren 11701111, 11.1. 11111 op 11626 1171126 1161 1176261] van (16 1(611( 0111-
6111111. En 1111 1111 16 166611 (16 Η611166 Schrift, (116 16611, 11111 (16 1(61·1( 66111)1·6111(6
6111111 111 1161 111011601161111( 1617611. Christus 16 11161 6611011166 011] 1716116161316116611,
11111111 1161 21171111111; 11001· 116 1(61·1( 1(01]]1 661161111116 1116601]611 17111161· 61] 6106116161]
117111 al 11161 111661. Zij 1)]’61161 661] nieuw 6161116111, De opvatting 171111 301116161-
macher brengt 0116 111111 00]( 6011161011, 01111161 211 (16 Christ-,eume religie naar
beneden 11·61(1. Γ11061] 1717116 11626 0111711111116 17001 21111 11111 661] 17001·11116111]6. Μ61]
1661116 in (1611 11111 171111 Pufendorf, (161] 111111] 171111 116160116611116 6161661. Dic
6161661 01116101111 11111116; 170166116 116 1111161611 17111] 11161] 11111 61116 11116 0011661616
166111 1111 17111] 11611 6111111, 20011111 1161 recht: 171111 176166111611]6 11161 17111 117116. Nu
kan 11161] 11761 2666611 men 117161 11761, (11111161611666116617170116176166111611161717116,
11111111· 110166116 Pufendorf 1176111 116 1111111601761116111 001(661]011]61]11166666161111(Ῑ)61-
60011, 1116 summus epiScopus, 611 1111 1111 166111 1176111 1161161111(161·1(61·1(11166161(1.
1161161111( 6011161· 111661 200 (16 1(611( 116601101111711 1116 collegium, als 600161116, (116
1111111· 170111] 1]]0661 01]11711116611 17111] (1611 6111111. Ζο0 11761111161 1(61’1(61111(6 6611·01(1(61]
0111161· 1161 burgerlijke, 16111711] 111611 11161. 171066 1111111 (161] 00161110116 61] 1161
616611111111116 karakter der 1(61·1(. Op 11626 1171126 1176111 (16 1111111160116 band 0111 116
1(61·1( 6661116611, 20111161 (1111 11161 11611 6Χ1111011111]1111·61] 1111111 17111] 116 1(61·1( 1761(61]1116
1176111 661101111611. 1)11 1166111661 1111 behem-seht 1106 1161 66116616 131016616111160116
1(61·1(1·661]1. Η61 61116611 van 2611, 11111, 1061] 1111 6161661 66111111161111611116 66170111161]
111111, 11626 jul-mische vorm 001( 1161 11762611 (1617 1(61·1( 1110661 17611116116611. Vorm
611 17176261] 11711161] in st1·ijc1; 11626 6111111 1111 1(011 1]161 1111117611 1166111111] 61] (1111110111
1110661 1161. 1176261] 1161· 1(61·1( 1170111611 66061111111166111. De kerk 1176111 661]0016011111);
1711111161111· 11111 166117111116111 171111 (111 6161661 6611 1100111717611111666170161176111. 1111111616,
(1626 vorm 6166111 11110661] (16 1611111611 171111 1161 1111111111116611611 611 66611 1161111161116.

8011161611111111161· 1111 16 11161011] 661] 661116116 170011111666111111, 01111131 hij 161116-
61116 101 1161 1176261] 171111 116 1611616, 101 1161] 1111111 van 1161 1611616066 1(111“111(161·
171111 1161] 1116116611. ὃ(·1116161·1111161]61· 111061, (161·11111176 1170111611 beschouwd 111 1161
kades 17111] 21111 11111; loen 1001] 111611) 1111 170011111,11]·(111111111161111111]0116110111611111.

De 1(61·1( 17111111 111 116 117616111 17616611161116611, 60111011111611,66261601131111611,1766111611
6112. Ν11 16 116 17111116, of 661] 11161· 1701111611666(<1111(11616111111]1161111116170011161(61·1(.

Ε611 6ΐίσ1111ῗημ, — 2011 11111 (11111 66611 111166611116 170111] 211112 „Stichten” 16 661]
11700111, 11111 op KerkeIiJk 1611611] 16111116 110011. 1161111111116611611661111 musteo-lating(
16, 11111 211 1111611111 17111] 116 1111611616 171111 661] belm-ahl 1161611011, 211 171111111161661]
011111116160611, 61] 61161(1 01]] 11111 11111] 661] 11611-1111111 (1061 16 1111661661611. (ef. 1161
6111111611 van 6611 117666111116). [)01’1] 001( 1116111111] 116611 116 11611( 111616. Ι611]111]11
kall 11761 2111] 11161161 11111661661611 17001· 66111661] (1161161 1161 ](611(, 111111111116111111111
kan (11· 1(61·1( 1116 20011111116 11001 21111 wil 11] 1161 1617611 10611611. Te 2666611, dat
,Imus 111· 11611( 6661111111 116611 11001· 2111] 11711, 611111 001( 11161. 1111Δ 1111111161611 11161·

