Ἷν-ῃ

291
college-dictam: van een der studenten (Dogmatiek).

We· 21111611 11161 6116 (1116661166 11611 1161166111κ6 11166111 116611161ζ611, (116 01126
11606161] 1611 0111601116 111 06 0066161161( 6166111611, Al 016 1161-116110611116611 616 01161-
1161 dominium Petri, 1111116111 1011611116, 6112. 1161111611 11161 06 00611161161( 111616 16
maken.

Nu 06 vraag: 1106 κ01111 (116 11166111 11611 Christus 111 (16 11611( ·?

We 1161111611 661166100110 1116111011611, 1106 (16 11166111 van Christus afdaah: 111
0611 6061116 fidelium 611 (1611 0111011111.

]316 1101661116 11611 Christus 111 21111 kerk 16, 11110101 6611001111111 610116 011061·-
6011610611, 66110011 (1626 01106166116101116 11161 6611661 611 61 21111161 16;

1Θ dogymccticct, Waarin 1166161161] 16 61 11161 116116κκ1116 116611 011 1161 Woord;

20 ordinans, waarin 1166161161] 16 11116 166611116 611 1166111111· 061 kerken.

ge judicans, 111661111 1166161161] 16 11116 discipline 611 1666611116 061 κ61·κ611.

Ηο6 0111611661 016 potestas?

Zij 11110101 06610001 661101611, 061 (3111161116 door 0611 1161116611 (316661 menschen
wederbaart 611 101 116κ6611116 11161161. 11101611 011 11161 200 111616, 20110611 (16
016611611 11001 (1611 1161116611 (16661 0111111611611. (3111161116, 616 (16 1ζο111116 2111161
kerk, 66111 (1001Ί 616 Κεφαλὴ τοῦ σώματος menschen 11611 (1000 16116110 16 1116κ611
611 101 116κ6611116 16 1116116611. Wanneer (116 menschen nu 0001· (1611 φώτισμος
1161116111 worden, (1611 16116611 26 116111 111 11611110010, 111 06 1111661·11610,111 (16
01011161111611 (1006 611 111 (1611 wil (166 Hecu-en. 13611 11161 011 61 (116 11616011611 (16
106111116, 0111 611ς 00661111111ς 21611 11660111101661· 16 61611611 11001· (1611 116616 61121111
(1161161. 1311610111 16 (16 111611ς26611111610 111 1161 κ61κ6111κ6 1611611 1*01611’61(111161
1161161111 101 (1611 0011111166 611 (16 01106111116611, 11111111· 6116κ1 21011 1111 01161 61 06
160611. 16061· 6610011166 16 111 1161 1611611 6166(16 116216 1161 Woord 106 16 11666611.
Μ611 2661 11161; 2011 (111 of (161 1111 11161 200 11162611, 111661·; 200 1161 (16 261111..
Μ611 111061 1161 6611 0611 11106061 110011666611 616 6611 21161( (116 66101. Ζο0 16 61·
111 0611 6061116 fidelium Wfflkzaam 26κ616 110166166.

111 06 11116606 1116616 11106161] we 11166611, 1111161· 10611 ool< Voor (16 66016616 616
2000111116 06 1101166166 111061 1111010611 1111660616110, 611 11161 6116611 111 (1611 101116
111111 1161 1101661111( 611 0666111κ6011 1611611, 1106 1161 06611111 0611 11161 (1626 1101661116
6661610 16. En (1611 111061 66611111110010, (161 001( (116 6061116 11116 110166166 0061116-
tica, ordinans 61 ι1110166116 111 616611 6611001 016661.

136 1161110616 hebben 1161 166111 666111 16 komel] 111 1161-6110611116, 01106111116611,
0161161611 611 016κ611611 16 1160116260 111 6611 kerk, (1161166 0111101111. 111 06 1161110616
2611 1161 (1116 016 11166111. En 11161, 061 26 111661 66116 νο01· 6611 1ζ661· 6611116160011
1161106111611, 116611, 26 61611611 (16 6111111611 111, 26 11161ζ611 06 1116616 1111161, 1111661·
616606 6611 man 616611 261. Η161·111 1161 dus (161116661 00116111066161106 11166111, 016
men 111661· 0611111611 11611. 16 6611111661 6611 1161-Κ 6600116111116610, 0611 16 0661116
we] 6611 andere regeling 661ῐο111611 11001 (16 11611061111116 van 0161161611, 111661·

