 

1

,⁴

43
college-dictam van een der studentem (Dogmatiek).

schend geworden‚ 611 (111 111116 111161 111611116ᾶ6 66111611, (16111611116616110661011261·
1116010661] 111116-161166111 111166. Η6(1 1161 81191616966116611 standpunt. 111661· op (1611
voorgrond 66616611, (1611 1111616 001( (16 016611166116 0911611106 (161 1(611( 111661· 101

11661 166111 66](0111611.

Wa‘c 16 6611 016611161116Ῥ Ε611 016611161116 16 6611 6166111111, (161 0166611 16 11001
6611 (1661660161 66161116οᾶ6 1(166111, (116 101 0116110611116 111061 1(0111611. ’t Woord
„namur” (11111(1 (116 1(166111 1111 111 1161 016611161116 van planoen- 611 (1161-61111116
d. 1. 6611 60116116 1(1·66111, (116 111 6611 000111 of [116111 1111611(266111 16; ,,φύσις.”

Ν66111 11( 1111 6611 1116611611161116. Al 1166111 11( 6611 110111611 11661, (116 1106 200
21111661· 16, -- 61· 211 66611 1(1’66111 6611161. Ε611 000111 (16616111666111166116611 11110116]

’611 111 (11611 11101161 6611 (111]11611ᾱ6 11166111, (116 111 (11611 000111 111161’1(1.

16 (16 1(61·1( 21111( 6611 016611161116, dan 111061 001( 21] 6611 616611111121311, 1111661111
6611 (16616611161 66111111611016 1(1·66111 21611 1611611111161(1(611(10661106611. Β161611611111161(-
1(611(16 1(166111 1111 16 (16 Η611166 (36661. De 1(61·1(66110111611616 666166661 61161111161,
16 (16 01]6611110661116 van 10666 610111611. Μ661 (16 11611( 111061 21]·11 6611 1113116101(
11161 11101161611. Bi] 6611 666166661 10611 111166611 We 611611 111101161.])61 (16 1(611( 1111
6611 11110116] 116611, 1110611 110011 111111615111116-161166116611 6161100001, 16111111311111 1161
111116-116116611611161116 110161, (161 21] 66611 111101161 1(011 11600611.

Stel 11( mij 6611 0066110111( op 111116-161166116611 61611ᾶρ11111, (1611 1161 (1661 11001 mi]¹
(16 1116666 perditionis. Η1611111 worden α 611 b 611 c 111166116111, 1611111111 (Ζ, e enf
in 111111 1161101611 10661611(1 1011311611 1166611. Nu 1(611 11( (ι, b 611 c 111161 (1661116 11161
6611 0611(1 (161· 1161116 01166110111(1611, 111661 26 11600611 66611 111101161. Stel ik mij
(1661611166611 op 8111116-161166116611 61611(11111111, (1611 1161 (1661 11001· mi] 1161 016611161116
11611 (16 11161166111161ᾶ, 611 116 (1611 1161 (161 organismo door 66111111161·11]“1(611 1(6111(61
1161“(101·11611. Μ661· 1111 16 ,1161 66116(16111161·1( 11161, (161 1111 (161 016611161116 6111(61611
worden 111166116111, 111661· (161 11611 (1611 ν61·1(6111(61(1611 000111 (1611161-11611(01611
161(1(611 worden afgesneden 611 1161 66116 110111 1111 op ziJn ouden 111101161 110011-
610611. Koria 111166(11111(1 1(111111611 we (1116 2666611, (161 1161 8111116-16116611611161116
1161 0166016611 1(6161(161’ (161· 1(611( 11611ᾶ116611, 0111061 1161 1161 6166116-06611111 11161
106111661(1 11611 1161 6611601311166-06611111 (61·6611(11 61 1601166), 1611111111161 111116-ι
16116611611161116 noodwendig 111061 1161-11611611 101 6611 6661666101166116 011116111116
der 1(611(, 0111(161 op (111 61611(11)11111 1161 06611111 (161 11611(1621116 01111611 11610611(1
61661 11161 1161 06611111 (161 sehepping (616611 61 lapsi).

Ε611 66116106 161161, (11611 (16 Infra-lapsarii 1116611611 16 1(11111161106216611 11001· (16
verdediging 1111111161 11001616111116 16 (1626; „Is (1626 11161 6611 11111110161111 1111 1161
1111111· 661111(1ῗ)” (Ζ6611. 3 ; 2). Maar 11161 1161 66116616 0661(1, 6116611 1161 1611111111
comparationis 11166 11161 worden 01161660166111. ”

111 1161 811[11616116611611161116 1161 (1116 11161 6116611 (16 11611(1116111116 11611 (10(16
16606166, 111661· 001( 11611 (16 016611166116 011116111116 (161 1(61·1(, 611 16116116 111161

