243

college-dietam: van een der studenten (Dogmatiek).

waren 26 6611 11766616 1116666 2611661 6611166616; 16161 1117616611 66 111-’116 (1611116661-
6611 wat getemperd, 611 6111616116 61· 6611 kerkelijke 1611116116. 136 1361166116
anabaptisten 61116611 66111661116113116 1761666611116611 houden 16 Κ6111611; 111 Vlaan-
deren had 111611 66 1761666611116 van ,,66 0113116167, bij 6116 1111116111611 6611 (16
Ἦ616116116616 611 111162611 111 17616611161116611 666111. 13626 17161 61666611 1711116611 26
ν61661116611 161 66116 66616166, Wijl 26 66 kerk 11666116611176611 11161 616 institunt,
111661 616 vrije 1761666611116. 136 66111666166 nu (1161 ν61·6611111611(16 6616611116611
21111 111 6611 16611661 111 1161 116111 66661161] 16 116116166111, ,6111 6611 16 10011611 1161

1116116 1761·661111”. 13626 (11166116 was officieeL 661661 van (16 (1161161611.

’ Α1161·661·61 worden 111666666616 66 6111116166 111 1161 concept 17611 Κ6111611
(opg'emaakt 1 Μ61 1591, 111661 16611 1166 11161 6116-66617611). Vervolgens 6611
16611661, 1116661666 6611 (16 8161611 17611 116116116 611 Ἧ661-11116616116 111 1626,16611
hun 6166161661116111116 6661116 1116661 worden 66166616. 13661116 (16 6611366616 van
66 Olijftak, gedrukt in 16293 6611 66 6611166616 661176166111666 1111666116 611
Η666-’13111166116 661116661611, 66616111 1630.

111 1633 werd 16 13616166111 (16 661616 6661116 6666611, 6111 16111616611161116
6161 6116616611616611 661116611166611 16 Κ6111611. 111 1660 21]·11 (116 6661116611 11611761
16 11616611. 1366166 1761666616611 16 111166111 611611, 616 21611 11161 (16 116611111611
van Leiden 11161 11611661] 1161661116611. 111 1664 111616 111611 16 1111661113 66 (1611111-
116116 1161666611116.

111 1161 1766166116111 1666611 21]· 61· 11661111( op7 (1611161 6611 616611166116116111661116
16, 1Θ wij1 26 6661 velen gemaakt 16; 20 6111 (16 6161, ΒΘ 6111 11661 66111161111116.

Wat Κ6111611 66116661, 171116611 Wij 6611 11611 stul< 61761· (16 6111-161016616, 111661
66611 116161116116116116 (111611111111116 6111116111 (16 66611-6111611166. Α116611, 661 (16
bekeerde 1111 616611 66112661( 111661 6666661 117616611, (161 66 666(ῑ101ῑ11611 1161
6176116111661 21111611 gebruiken, 611 661 6166616661) 11161 6666116616 16.

111 66 6116616116 17611 1626 6611 66 5161611 61661 111616 61761 (16 666161116111611,
611 61761· 66 111611661111116161116 (31111611 ,,661 Maria 66611 611661, 111661 1361126116
66116616 116611, 266661 Christus God 611 1116116611 1111 (1611 11611161 1166616666616 16”.

136 6611166616 van (16 01111161( 66611 6111116111 (16 666161116111611 6611 111661 1111-
1766116 6611661611. Zij besehouwt 26 616 zienlijke teekenen, om 17601 16 (1166611
6611 1116161166116 26611, 66616 6111 (16 conscientie 16 1761261161611, (16616 0111 (16
66616166 16 1761111116611. 136 6661) 11116161 116661161111176 616 6611 166111166110 ι’111υ;ι·1·21]’(16;
6166 66111161 6116611 66 11611166 6611611611, 111 1161 Evangelia 6611661166611. 1161
6176116111661 16 6611 6666 van ’6 menschen 211, 6111 6116 1161 11](1611 17611 (1111161116
111 666661116 16 1116116611, 11161 111661- 616616 1711161 (1661 66 1761116116161116, (116 61
bij 6666111661, 6611 6661· 111666 611 1171111.

136 6611166616 661 111162611 611 Η666611116611611 16 111661 1116661106116 111 (16
661161616616. Ζ6 heeft 6611661 1161 6617661611 van Μ611116 51111666, dat 6111161116 66611

