93
0611666-(1161661 van 6611 der studentem (Dogmatiek).

6666616166 1166 6611 6666161111( 11611. Paulus 11661111 611 mystice, 6166616·61·6κ6-116
11116161 6661· 66 661661111611616, (116 16666 6666116611611 111166, 611 1116 1166161666666
616 111 Α61·6116616 11661616111166 1116666166.

111 Philip. 3 : 3 16 66261166 6666161666 (11116166.

Ε1166266 061. 2 ; 11. Η161 21611 11111, (161 1161 111661111111161 161116661116611 1161
σῶμα τῆς σαρκόςς 11161 66 1661166661, niet 1161 1116616611 111 16661161611166 6161 66
2161, 61661· 1161 1161166111 111 (1161161 (161 261166. De besnijdenis 1111, 616111116111166-
1111111161 6626 66666616 1111661, 611 111 66 6166136166 66611166 66 111666616166 6661
6611 6666 6116611661, 66611 6116 16 11611666, (161 (116 1116116611 21611 2611611 111 (16
66661166616 161· 6666 116166166611, 21111 11161166116111116 11166111 61166611, (1111 21611 in
1161 66166ΐ 16 1116111611 611 66 1666111 0666. Β6616111 11116161 111 Rom. 41161 661661
11611 Α61611661 661( 1161166616 616 6611 6616611611 111 066, (116 de (1666611 16116116
11166111, Ν1616 verwaehtende van 616611 1666111, 66166166 hij in God. Nu geloofde
1111· 111 66 1166111616 211666, 61661· 66 6666666616 66111166 hij 616 1666611 van wat
1161 11616616116116116 van zij11 geloof uitma-akte.

Nu 116661 Ρ6111116 er 6611 166, 661 11111] 111 (16 6661111661116 11611 0111161116 6661166611
21111, 11.1. 661, 16611 0111161116 6661166611 16, wij 11161 0111161116 66666666 21111 111
21166 1166611661116. Wijl Christus plaatsvervangend 611116661, 616 HoofdvoorZijn
1161166111, 111116 6661 61166 666, of Christus werkelin 6116 Hoofd Wierd. 1)661661
616661 (16 66116111111116 6611 666 666166111 116111661666666166666,66612116 66666116
1111 6611 1116111111, 611 661 611 616 11161( 111 161661, (1661· 06611616166116. Ε111111616661
0111161116 6111 6116 661661111611616 16 1161-11111166, (161( (16 6666666616 6116616666.

111 Gen. 17 2 11 1116161 66 666611661116 6661616 161 teeken 11611 1161 Verbond,
6161 6611 6616616616 6611111 66 6116616, 16661· 66611166 6116616611616611, 611 11161 111
dier 116666, 661 1161 11161 661161 16 6611 type, 61661 661( teeken.

Α116 661661661611 11161-611 11111611, σκιαί, 111661 666 m& 16 16611611 1166 111161 is,
11161 1166 11161 21111 261. De 1666116666· 11.11. 16 16611611 11611 een 6661661166
66116116111611616. Ν11 16 6611161· 661( 111 ’1 O. T. 6116 1661166 16116116 type. Voor-
2661161 66 6666666616 type 111166, 666166 26 611 0111161116, 611 (1111666 26 6611,
(161 0111161116 6116611 6661 61666616111116 6116 2611 16111666 11611666611ς 6610111161116
111. 6. W. 6611 6666 1116661 6116616666. ΧΤ6116661· 661 Ρ6111116 Rom. 4 : 225 1161
116616661166 11161 0111161116 6666 111 1161-6666 616661.

Μ661 1111 166 61 111 66 6666666616 001< een teeken 11611 1616 1166166666,

En 11161 6661666171311, 661 066 (16 11661616 (16 Α161111661116116116 66661661111611616
111 6116, en 1161 leven 61· 11661 in 66 1116616 6161161; 611 661 6661· 6116611 2611611616
16, 111661 men 21611 6661 066 1661 6666116611, 611 6661 1161 661661 1111 (166 1161
leven (1611161161.

Een 66166 61661661 1111 111] 611( 16611611 16 1161 1161661161166116. De besnijdenis
16 16611611 11611 1161 genadeverbond, waurin de 116126661166 van Gods werk 6116

