185
college-dictam: van een der studentem (Dogmatiek).

· Το011 6610111111611 11111] 0611 1166111 111110 mystica 6116611 51601115 111 1161 66651611]κ6.

136 6601111166,01100016101106113116 551111116515 1161 111 06 13116 Ρ615011611 11611 1161
goddelijk Wezen 2611.Ε11611200 15 6116 opus 6Χ60115,ν116610001 0100 10011611 21011
6611 11161610 111 1161 1611611 1,061)1 11611 Hem 665011610611, 111661 10011 0001 Η6111
161161106, 6611 551111116515 1115151106. 13626 551111116515, 016 11611 06 11611506110611116 611
1111111611611116, 15 06 116515, 1111661 6116 6110616 551111116515 op 11151.

136 111110 1115151106 1111, 111166111611 11161 6659101160 11110101, 111101·010001·1111166 1611611
teweeggebracht: 1Θ 0001061 06 Τ11116606 Ρ6150011 06 1116115011611]κ6 116111111 6611-
11661111, 611 20 (1001 (16 1111110111116 11611 0611 Η61116611 06651 111 1161 1161106166100-
1116611. 136106 op 21011 2611 1101111611 0626 11116061 6611 unio 1115151106. Μ661· 566111-
66110111611 1101111611 21]· 06 111110 fidelium 011111 01111510 Capite. 13626 111110 11661 0115
11151511611, 11111]1 26 11161 661660 11110101 0001· 1615 11611 ’5 menschen 21], 111661 0001
000 2611 111 1161 1611611 661660 15; 26 15 0115 66610110 111 1161 0601661, 11001061610
111 01126 5011606166 11661 (1611 1166106 0005; 6601011611 (1001· (16 201106; 116151610
111 06 111061116116 611 06 1111606166000116, 611 11110101 101 06111111511161011116610160111111
06 0611661106 0001 1161 661001.

13626 111110 1115151106 1111 1111101 111 06 11161610 611 111 1161 11611 6611 5011610600 616-
1116111, 061 1161111106516110 op 016 111110 110061 111 16 111161’κ611;0661011111106161166611
(116 01110111061106 11160111 6611 110011011161106 versterking 0161 111110 1115151106 0011
11001 1161 bewustzijn plaat-‚s 1161110611. En 011 1111 11110101 6166166610 611 1101111 101
516110 111 1161 1161116 6110110111661, 111161 0011 Ρ6111115 11610061, 615 111] 1 001. 10 ; 16-
17, OVOI· de κοινωνία τοῦ αἵματος καὶ τοῦ σώματος τοῦ Χριστοῦ spreekt.

1311 066101 1161 6110110111661 af 615 10111111. Werd 1161 066501116111 00010611 pater
familias 11161 21]11 662111, 0001· 0611 rabbi 11161 21]·11 166111116611 66661611, 200 001(
661 0111151115 1161 11161 21]·11 01501961611 615 6611 566111110016110 6611661, 615 6111661-
061106 06 116111, 6611111 0111061611 blijkt 1111 Joh. 14-16, 1111661 06 116616 516605
(116 111110 1115151106 op 0611 11001610110 51611. Νο6 011106161161· 1101111 011 1111 111 1161
1100661111651611ῂκ 661060 (Joh. 17): „dat zij 611611 6611 21111, 6611111 11111] 6611 21]11.”

Ι)6 unio mystica nu 15 11161 11161 0111151115 615Μ10061661· 5611511661161611, 111661
11161 0111151115, 615 1161 Lam 0005, 061 665160111 15; 1311 blijk‘c: 1Θ 1111- 0611 band
van 1161 6110110111661 11161 1161 ρ650116; 611 26 1111 1161 66566616610 0111160611 11611
101000 611 11111111. 13115 11161 6611 111110 1115151106 11161 0111151115 1110611161115 6116611,
111661 001( 11161 0611 0111151115 11160161115.

Μ661 - 611 011 111061 1111010611 bedae-,ht — Christus zelf 111601 111 1161 6110110-
111661 1161 101000 611 0611 11111111 6611. 13. W. 2. 06 Μ60161115 15 001( 0101111061115.
Ware 1161 1101166111 6601011611 611 1161 111060 1161601611 6601611611, 200 2011 011 11161
1101111611 1116615 hebben. Op 06 1116016110 111061 0115 06 resurrectio 611 06 6101111-
06110 66110160 21]·11.

136 1116016110 11611 1161 Lam Gods komt in 1161 1161116 6110110111661 1161110166115

