65

Collega-dictam van een der studentem (Dogmatiek).

Ε6181 door 0611 6011061060 worda 0110110618, 0011966160 0116611 06 11611( 111
06 arlo 96160 worda 611 9611661 1161 01161196 111611861100111 0110619001. Mam·
111 0666 9616006 116111· 81001 Ι110081 Sem ool-c 0110111 611 0016111, 600001 111
1161 116111611ᾔῶ 1011111161611611 1011. Noach 116106 6161116111611 116111161190 61911.
Η1610001 1111 6011 1161 1611611 061 116111· 01161198 66181110 61911 9610010611, 600
1161 11161 10016 96110111611 101 8611010116 ; (116 1101111 (1011 111 Abraham, 16001(
611 0011011 611 111 11661 1161 10111 (161· Η6016611, 106111 110111 0011 1061 6611 9611161190
1101011161 01069, 111001 600, (101 06 forma 111106 111 181061 9611661 (1001 06
1066 061 116116 10610 1161166186111. Το611 18 0666 8611611111191111161 1116118611611111
968106111 (1088611611 ,181061 611 06 11610611611) 81661118 1ῂο611911 611 1161 910016
μυστήριον 61008 1111111 61111 9000611111· plan 611 1001116111611011100111161961108
111111101111111 111 61911 kern, 0111181118 018 Ne'euw Hoofd 16 861161111611 611 0001
Hem 0666 116111 11011 0118 9681061111 10601· 1111 (1116 10111611 611 11011611 16 101611
011110111611. 1701100111 001 (16 166111 66181 110. (1611 11111118161009 11011 1161 11111-
96111ᾔῶ 611 96311181611611 108961061111, 101 6611 619611 1011110 1101111, 016 16961916
611 066011161118(11 1,·8, &n- (1001 06 11111961·11100186110111114 100101116611968116119610
30110161 61611 61· 111606 16 116166116611119611.

Met 001181011111111 011181001 (16 16116101119 0111 (16 1011110 (161 116111 11001·
66118101101911610 16 101611 10198 961611, 600001 zzjsj 10661 16 816111 11161 (16 1011110
061· 0111961·111001861101111(ᾖ 1116611111061(16,· 611 1061 1100906 06 116101111011611161-
169611 16 1609661611, 111001· ze (1660 (111 0116611 01) 001111118118611 8101101010
’11011 1111 1161101816 06910861 611 116611 610618, 611 10161· b& verwl oolc bij (16
00111111181611, (1001· (16 10186116 1066 061 Να11011016 of 701118166111· 06 0001·-
1061161119 1011 0636 ,600 1100030116111116 1606116 96811111.

Τ110118 66181, 1111 (16 01111-61111816119116 1110611160 111 81001 611 1110018611011111]
1161 op (16 111110611119 11011 1161 611118161100111 611 (1118 0011 11011 06 116111· 106-
1699611, 11691111 06 1011110 061 116111 01161198 10661 36118101101961 111116 110111611
611 11616101 ziela 6611 11611006 1011 6101161061· 116111611911 161611, 111001· 00111011
1116111116 161110191119 11001. Uia 0666 1001816 160181611119 11011 ’110011 06 1161-816-
111119 1011 1161 96116616 9611118 111111101111111 110111611. De 0110011 061 10810116 18
0118 ι9610101616610 018 611118611-01011181181311, 611 1168161110 0111 (1001· 06 6018116106
8611610109 11011 116111 611 11018161 110 0611 00106618009 111 6611 9611661 0110616
’0606611119 0161· 16 161061197

In 6611 661816 observatae 810011 1611] 11001· (16 111009.· 1101111661 18 (16 116111 [1690011611ἱέ
01136 961610111166106 10061611 901611 van meet ccsacm 6611 86011110111119116 116119-
061118, 1001111661 κῇ 6610611, 001 0111181118 1011061100111169111116 der 1061610 6911
11116611101611611 1161-900611. Το611, Γ11109 1161 11161 16010611 0011611180, 001 111611 1906118
06 1161011110116 (16 1161661661118 1011 (1656 ὸ6119061118 1116196110691166111111960161111.

5

