183
college-dietaat van een der studenten (Dogmatiek).

Deze verplichtingen 21111 1111 1717661· van 117176661161 6616, 111 266176116 26 6611
generata, of 6611 speciaal 1161611161· 17611666111717661616611.

0111661 (16 116111 6611 61661116111616, 21111 61· 1611611611 111 (16 116111. Ε6111161166111116611,
611 6166116616166, (161 11161 6116 (1661611 6611111 17176111611. Wij 6111611611 11161 (1661· 6116
66116616 1161166111. Orgyanen 1111, 11661111 111611 (116 (1661611. (116 6611 111116116 1111661611611
1611 11616 171111 1161 66116616 1161166111; 266 21111 1161666,1161 661, (161116116,61966677.
Op 66111116 17171126 111661 6611 17616611161116· 6611 6166611 1161111611, 61116166611661116111
111111611 16 6111611611. Ὓ1111611 17176 (16 116111 1111 op 616 61111616 Op 216112611Ἰ 61661166
661661716611, 266616 66 Β11111161611 (16611, 6611 16 26 11161 orgycmssme. 111 61126 111116
21111 (111126116611 11611611, (116 6116 66111116 functio 1162111611, 611 11761, 1611 11616 17611
’1161 6111166116 11611116111; (16611 (116 11611611 661611611 (116 functio 16 26111611 uit 611
(16616111 6166611 26 11161 (11611 11611111 17611 omanem. Oryanen 11661611 (1116 6116611
(116 (1661611, 616 θὶςσῖηείθΐ 6611 functi& (1110616116111611 11616 1711111161661166161161166111.
Ζ66 16 1161 666 1161 6611166 6166611, 1176616661 111611 2161, 66 1116116 1161 6611166,
1176616661 111611 66166111. Welnu, 111 (16 116111 17611 ,,1’(111611611” 611161161166, 1166661611
1176 616, 171761116 6661 6111161611 17661· 611611 1717616611 11766166116111611.

Η161·1111 1111 17176161 111 (16 116111 661161611 66 166611616111116· 1666611611 661661716611
611 611111166166616.

1)626 166611616111116 116611 61166616· 661616 161 (16 1666611616111116 1116661161] (1611
(161116 611 66 16161, 6111661 111611 611 2661· 1166111116111116 1171126 6611 (116 6116111616176
1611611611 1611 bat-e 17611 1161 6611661 6611 116111661 1161611161· gaf. WVz: 2666611; 61)
2661· 1166·1·11[16111116 1171126. 1111111616, 6611 61111116616661· 111661 1661116616 21111 17661·
66 1111666. Op 116111 111661 1161111761· 11761661] 1666621611 (11111 (111 (16 1111661611. (16111
111611 1111 (1626 616111116 616161116116661611, (1611 1111161 111611 6611 11666616 611 6611
1116616 26661111111616. De 1)(,6611166116 116111 11161161 (1626 61166166116161116 1111761116116
11161 (16 peccata 1116116116 611 1761161111. Wat vom· 6611 666616111116 6611 peccatum
1116111116 16, 11611 17661 6611 16611 (1111116111 1166· 11761 6611 peccatum 17611616 21111. Ζ11
1161161- dit 6111111166, 6111661 (16 16611 bij 111661· 1761266111116111111661· 176111766111166111
1166111. Ε611 1111111, (116 66611116· 611 (16 1161116 1761116611, stant 111111 17661 111661 1761·-
16161116· 161 261166 111661 (1611 6611 666616111116. Dit 16111111 is 1761116111611 11711111,
(16-61611 171111 111616 af 16 (11116611. Mam· (16 111111 16. (1111 11161111161·17611 6611 6176166111
61116 1111111611. 1111111616 61 21111 11661 11761 16611611 vom· 11716 (16 1761266111116· 17661
111111661 61661 16, (11111 17661· 6611 666616111116. 1)61111 l». v. 6611 666616111116, (1161161-
61116· 161 1166616666 116611, 61111 261 hij 17661 11611161· 111 (1626 261166 vallon, (11111
6611 16611, (116 2661· 66611766 van 6616 16. Ν6611, (1616661 17611 (161166611116111611616
61661 17661· 611611 6611111, 111661· (16 1761211611161166 (1117612171711161166 6111616116161166611
21111 bij (1611 6611 611 (1611 611661· 176166111116116. De 11111111611111161(1116 1761611611111161
111 (1611 61661, 1116111 111 (16 6116611111111616 171111 (16 11761, 111 1761116116 11161 611161611-
6161166611, 1761266111116611 6112. Op Roomsch standpunt 111661 (16 16611 61 166 116111611

