12]
college-dictaat van een der studentem (Dogmatiek).

111001 1101 0100010100 werd gesymboliseerd 00 00 0000100100 00001100 000 0011
vrouw.

13001 010 01001το 100 0010010, 100001 00 110101100110 21]11 0011 0001110 010 21011
011 00 armen 001· kerk 100 10 1110000 00 10 1001110110οκοοὴο 0001000001100 1001
God 10 komen. 1010000000 110011 00 Reformatie 01] 1101 0001001001 (111000100οΙ
0101 1011 01000 100 11170100 (1001 10 1700100.

We] 1100011οΐ. Μο1 1101 0001100010 van 0000 0001’,01010 van 000 00001010 0000-
zakelijkheid van 000 0000 0101( 0100.

Μο01· 00 00011101νο 000100 om 00 00110 1301 01 10 10 00011 0111100100, 0010010
0101 0011001 00 01. Εο01002100 01] 1101 Ανο0001001, 10001 0101 01] (1011 0000.

1311 1100 1111700 0012000οε

1Θ wijl 00 2001 000010000 0000001111 0011 01100 01701 000 111000100Οο 011101·00(100;

20 Wijl 0100 01] (1011 (1000 00 117000100000110 00010111 0101 0000101100 10 0000
11010000 117101 10 201100, 0111001 men (10 00100110οΙ0 1170111100 (1000 111 (10 2101
11101 0000 101 21]·11 100111 0000 11011100. 17170100101110 0110100101100010 000 00111110,
ook Voetius 011 Μο001110111 1111100100 00 00 1001110 11]0, 111001· 01100100 0101.

De betrekking van 1101 0001010001 101 000 8011000οΓ 00 1100 0011 (1000 10100
1000100110 10100 1170, 010 17100001 0000101100, 11101 01111000101100.Η101’ 01001 00101
00 00 00110 0001· 0011 Μ10001001 2011 01] 1101 0001010001 01100001000.

Η101·νο0 10200 1Ν1];

Μο1111. 3 ; 11, 14. ]30 Christus zelf 201 (10 1300001 21]0.

Joh. 1 :33‚ Hand. 1 : 5, 11 ; 16, 11 ; 25, 19 z 5, Es. 4: 5.

1310 00110 Μο01010110 10 000 00011010, intrinsecus 00 extrinsecus. 1101 110100101-
van (110 (1000010 00110 10 confirmatio 011 1110111001. 13001010 1110101 (10 (1000
10111011 111010 0101 1101 001001 10 1101110110 00010001, 010 111 Es. 4 : 5, Hand. 2 :41 0112.

Typisch 10 00 0000000010 (Gen. 17 : 10), 11001 (10 0000000010 010 010000010-
111001 000010011 11101-(11 111 1101110110 11101 1101 001001.

Α110011 10 000 0010110 van bevestiging 11001101001001011017171101200. En (111 001001
111001 worden 0110010011010011 00100110 011 00111. (Locus (10 Salute). Nu 110011 (10
wel-king intrinsecus 010010, 20011Ῑο1 01] 11011, (110 1101 001001 00100110 010 00111
00211100, 01001· 00 1110101110 extrinsecus 0110011 01] 0000000, 010 1101 10000 0010
00211100. 1300101011 0011101· 0110 (10 1110010110 00 (10010001 (10 001111110110111100 1101
00111001 1017011 00001]οΠ 10, 110011 01] (1100011011, (110 111] 0011 (100011010010010110011
001011110 11000011, (10 00110 00 extra 00101 10101· 010010.

Ζο0 0000101011 (10 (1000, (101 (10 (1000011110 0111ῑο1κ01011 011 1νο(101-00001011 is,
00 dus in 010 1117000100000110 (10 00100110 11001 0011700000 heeft. Geen 011001·
0000001001 10 (1011110001, (1011 01] wien 1101 2000 (100 0010010 (1001· 0011 11001000
(10001 10000 10 0010100111.

130 1101111, 1000110 01120 17000100 010 00110 Μο01010110 11000011 0110001001, is

