143
College-dictaat van een der studentem (Dogmatiek).

111111. Ι)6 116616 1111 1160 6611 organis-atie 111 1161 1611611 11001· 6611 (1116111611 86110016
1051611108 van μαθηταί, 11.1. van 3, 12 611 70. 1316 ΤΟ11016561116616116611 611161, 1161·-
110015118 van 1161 01111101 1011611, (1111 1111 1110110011 1111111· 14181016 8611·οκκ611 15. Ε11
in Gen. 46 : 27 611 111 Ex. 1 : 5 wordt uitdrukkoliJR 8626811, (101 (16 2161611, (116
0161 Jacob 1111 Egypt& kwanwn, 70 2161611 waren. Ε611 161111111566115 (1011117110
1711111611 we 110 1161 111111·61;κ611 1111 14180016, 10611 26 in 1161 661516 0060116861· 660
0111015 1101111611 11161 12 111016110111610611 611 ΤΟ 01111011000160, 51’1111)01156116 8611111611,
(116 116611111112611 00 (16 12 5111010160 15111615 611 00 116 70 2161611, (116Κ110011111111-
108611. 1615 10161· 51611 Μο265 (16 70 0111151611 0011 over 1161 110111. Dit 86101 70
was (1115 1051011560 111 1161 1617611 111111 1161 1011( 861111111116111. 116115 (16 1161016018-
171111118108 van Τ 611 11ζ); 10, 1161 861111 (1111 (16 11616111 1100151611 611 7,116111611186
861111. Η61 861111 ’ΤΟ 0611111111 (1115 (16 1111111118108 van 1161 11611186 111 116 1176116111.

111 (16 0066111·0181118 van 12 101 ἾΟ 1181 ζ111151 (16 0116181108 van (16 ι1001156116
1161-1( 111 116 11’61·6111κ61·κ. 12 15 116 vermenigvuldiging· van 3 611 4 611 (1111110111 (16
61860111116 signatum· 0111 1161 ,1001156116 von< 11110 16 (11111160, 1161 ι1001156116 6111611
⁴ Daar xva-ar 011 (16 116616 0011011151 (161· 11*61·61(1κ61·κ 8606115611 0115 1101111 100186-
516111, 1110651 0οκ 111 (16 111166111068108 11110 (116 11166 8611111611 (16 0161811118 86166-
kend worden, 1116 1111 116 ,1001156116 1161-1( 111 (16 11161611111611(1110651011111151161111611.

In 1161 86101 3 wordt 0115 6611 6011660110116 van 1161 00051615611110 86100011 111
21111 011011111161111κ 80111161111ς 1001111161. Dat (16 661516 (11·16 (1156106160 21611 111111 1162115
1100510160, was 86611 ,1011115611 11111111· 660 801111611111 typo.

Bi] (1611 Η661·6 1181 111 01165 6611 (11606 86111161116ς 001( (16 1161126 11161· 86101160
116611 01111115 110111· 6611 vast typo: 1161 80111161111ζ6, 1161 ,1001156116 60 1161 11161611156116
1101011161· 1601656016616006.

Dat (16 1100516160 2611 (111 200 hebben 01;›gevat;‚ 21611 We 1111 1161866118611611111
15 na 1161 101νο1160 van Judas. 10111611 26 21611 11161 1111111160 11656110111111 1115 6611
1111 11101111 1611611 1165100011 6011686, (11111 had (16 010015 van ζ11111115 016111611061611
116261 16 1170111611. Van 6611 11611( l). v. 15 1161 1111111111 1611611 6001108601. 100111· 111
660 κ61·κ61·11011 10061 6611 006118611011611 0101115 11011160 1101186111111. De 111-(1061108
was (1115 1160110111 6611 6011686 van 12 11011 16 5161160, 611 (10111010 was 1161 2661·
261161· 6611 1051111101. 1)01 (16 Η6616 2611 001( 11161 01111615 11600811 116611111111111111
21]·11 11610116, 11111 21111 0005161611 11161 Hem 21111611 2111611 00 111·111111”11·01160, 001·-
(1661611116 116 11111011 8651060160 lame-Is. Dat 1110011111] 116111 11115 86110260 0161
1161 008 00 (16 11111011 5101110160 1510615, 611 1161 0161 (1011120016 0616616015.

Ζ11860 11·6 1111 11111 (111 1110011101 6611 6011686 1101111116, (11111 komel] 116 in (16
11166116 010015 101 116 vra-ag: 0111110860 26 0οκ 1115 2001101118 660 1001111001 ἱ) Ε61·51
11000661· 61· 1160001116 5110111011611 21111, 611 21] 111 111111 1010111611 1161ιο01116 1006111
(1111νο118611, 611 16101161111118611 111111 worden 1108616811, 10101611 26 6611 1051110111,
in optimu forma. Welnu, (1111 (111 1161 861·οΙ 11115, 21611 11·6 11661 (10111611111 111

