59
0011666-0101661 van een der studenten (Dogmatiek).

11610 111110161(611, 616 Christus iS wedergekomen. 13626 1170010611 11166 111611 (1116
0161 6060111111 0111761160. Ζ6 1061661(611611 aneon: 111 (1626 1060661106 1(611 (16 βασιλεία
τοῦ Θεοῦ 006 11161 1(010611 0161 παρατήρησις, 11161· op 66106 16 zi] 1106 ἐντὸς ὑμῶν.
Μ661 06 1130 261 6611111661 66111)1’61(611, 061 1161 koninkrijk Gods 001( (11111760016
1(010611 261. In 200176116 11166 111 06 6611116116166 (10666116 001( 0626 1116616
661060, 616 001( 06 βασιλεία τοῦ Θεοῦ, 11761 (16 66660116 11611611, 0112101110661· 16.
Α11006 261 06 1111117600166 glans 61601116 1111611611116 blijven, 10661 06 66660116
1111111, (161 (100 06 116616 111 (16 216160 1666611 60 111 werkelijkheid 16 τὸ πᾶν ἐν
πᾶσιν. Ι

Op PS. 45 : 14 heeft 111611 001( 11761 6611 10610611 6606611, 00011 1116117611 1717111611
We onS 0011100060, 001061 06 1717001060 ,,(166 1(01111166 (1001116116 6611661 1761-
heerlijkt 101717611016” 11161 6570100116οὴ 17001·1(0111611. Waar 1111 bij 6611 symboliseh
61111( 0161 06 17611(161·106 uitdrukkelijk 66170660 17170101, 11166 1060 10 (16 0060161161(
21011 0661011 11161 1161-061160. 13661106 2011 66161 10061611 1766161660;

1Θ of 066 1(οο1066 00011161 06 1(611( 16.

2θ of 6116 11·61(1(60 17611 1161 116610- 6666161ῃ1( 11106611 11701060 017616611160111.

81661 1116110606 011 1161 0021011111616 1(6161(161· (161 1(61·1( 17661, (160 10061 011
1(6161(161·, 001061 1161 6666011661 16, 1611 611611 11106 17611 116111616011661, 660
06 ](611( 21,Ῐο 61660 6617176661 60 616606 1061176610 1011117611, 001( bij (16 6166610116-
060. We] 16 1161 0106611]1(, (161 (16 17161111111611 1176617611, 161171711106 1(61·1(,10011 ’
1(611( 1011111, 10661· 110011 kal] (16 11117161111111611 1761101611 6660, 17176111 060 16 61·
6660 66660116, (1116 6660 1(611( 111661.

Μ60 1(60 11761 1(61·1(60 hebben 11161 6611 σῶμα, 01661 1176611111 116 17611001) 1760
1110 ’1 6666161131( 1176260 1176617161, 200061 61 66611 6111(616 6610017166 in overbleef.
136 0111717600166 vorm kan nu 1106 6617011060 11701060, 111661· (116 17161101111611 op
zichzelf 16 0161 1701006006 0111 (16 17611( 16 1100661611. Η61 16 66111116616161, 01661·
1161) κατοικητήριον τοῦ Θεοῦ ἐν πνεύματι iS ΘΓ niet in aanWOZig.

Τ60 610116 01061611 17176 bij 06 bespreking 1760 1161 666611116616 (161·10171610111166,
006 11161011 11713260, 061 (16 1(611( 011]601 1760 661001 16. 13661001 16 21] 0066001060
10 06 12 geloossartikelen. Op Roomsch standpunt 2011 011 0161 662660 1161106-
1760 16 worden: 0661 2161 11160 06 1(611(. ,111161 010061 06 1(611( 10 11661 66660116
invisibilis iS, is 26 object van geloof.

136 1(611( 0061 21011 0116 1760 1171766 213060 17001;

1Θ 11117161101116, 200 17176 11116660 1760 06 6160116

2Θ 17161101116, ., ,, ,, ,, 060 0161161 066 WomdS.

01126 catechismus 17611 06 1(611( 0600616006 111 171. 54, 6661 1111 van 1161
1716111616 1(6161(161. 13001061 06 Ζο06 GodS 21011 660 661066016 1761660611, wmdt
06 11111717600166 21106 1760 06 1(61·1( 66100160. 136 601116161000 17170101 6011161· 001(
66006010, 616 6660101160 17170101 1760 06 17611062106.

