173
Gossege-dicfflaat van 6611 der studenten (Dogmatiek).

1666611661( 66 Wijn 661( 66616666 6611111116. De 66611616 661·1661661661(6
6611 1161 16 1161 1166111) 11611 6611 16661166, 1111661111] (1111161116 611662166
166661111661616 16, 661111( 16666 111 1161 01166 Verbond, 611 661(1)1]116611161-
(161166116 11611(611 66 τράπεζαι τοῦ ναοῦ of offermaaltijden 11611 6666111666
66616611661166 111 66 6616666661161) 11161 (1611 66116 1661611, 661131( 661( (16
Η611166 86111111 6116 (16 166666161166 1166116161616 616 66 66111666661161)
6161 Α6611 Ε6111111166 16 1161 166616 van 6611 616611 1661(661. Ζ1111(6 1666111]-
6611 11661666 1611666 6611 176111666661661 af, 6661 16611, 116 116111611661111-
1166, 616666 6611261, 0111 616 1661(66 11611 66666611661661166, 66661 16 6166
66 16 (11166611. 1111 61611 1166166 16 „Vfflbon'dstafel” 11661 11611161116
611666111661 6611 6116621116 66661166166 11666137

In 1161 6661616661 666 61161161116616 hebben Wij 6161 6611 616616111, 66161( bij
666 (joop, 16661· 1111166. Μ611 161666 11161611 af, 661 1161 6116666166] 61666161( 6611
66111661 6661661661 16. Rome's 1161·1(66166 6611166616 6. 6. 6111 611666 66 1166116,
1161 161666, 611 11161 (1611 beker 16 6611611, 1116611111611111116611. De 11161·61·61116111161·(1
door 6626 116166116 16666116111111166 661666. Η61 111666, 1161 1161116616, 2611 611666
11661 (1611 6161116, 1161 111666 661( 11661 6611 1661( 21111.

Bij 6611 (16611 16 61 61661116 6611 616616111; 11116111 111161 2661 162116, 661 Hij 1661
11116161 66 11161 1111111, 11161 (1611 Η6111666 (16661 611 616111116166661, 61661611 1111111·
16 11161 6611 6161116111. 11116161· 611 1111111· zijn 116166 161616166611116(161611, (116 16161111
111111 1161666161116 66 166616 2161161166· 16 111666 1616116611. Doopen 11161 11116161 611
1111111 16 dus 6611 6611166 66116; 11116161· 11116161 661166166 616 1161 6161116111 661 161-
1116166, 1111111Ί 616 6161661161166116 6666166166 van 66 1116116116 666116111661161666-
166. Nu 11116161 bij 6611 (16611 66 1616161116· 61161116116611 116616661616 616 1611116166
van 1161 1161166111; 6116611 1161 1161166111 1116161 11111111611616· 6611661661(1, 6611 (16111116,
1111661666 6116 6111-611111616 166611. Μ661· bij 1161 6116666166] 16 1161 6116616 6661616.
Η61 sacrament 661· 11666166 1166111 16 66611 6161 1161 corpus humanum 66111161·-
111161; (1116 111661 11161 6611 (16 1111166 6661611 van 1161 11166661161111(1161166111 1111616611
66666111, 6611 66 116616 611 66 1116616666 1166161166661611, (116 116166 op bijzondere
Wijze 611661116116611 worden, door spijS 611 (1661 616616 Ε6161 266 16 66 116661116
6611161661. 13661661 16 1161 661( 6666666661, 661 1111] bij 1161 6116116111661, 11611111611(
66 11666166 11611 1161 6666161131( 161166 61161116116611 1166161611 (1661· (16 1166611161166
1161 1161166111, 61661116 11161 6611 6161116111 26116611 16 66611 hebben.

’“ 111661· 661( 6611 (1166616 2111 1161 11161-6611 1611 6161166166, 111. 6626; Christus 16
66 1161111111166 van 61126 66661611ᾸΚ6 6666611111, 611 616 26666616 6661· Zijn 111611-
schelijke 116111111, 1666166666 1111 1161166111 611 2161; 11161 11661 1161 1161166111 611666.
1)11 psyelnsche 1611611 van (1611 61666611 211 11161 111 1161 1161166111, 111661 1111161 in

