52
college-dicfiaat van een der studentem (Dogmatiek).

In (1011 (1110 001· 1101-011010 21111011 (10 1101111111011 (101· 110111001101) 1111100111010011110
0011 1110111111011111000 011001·0·111111; 111] 11011, (110 10000 00010111011 21111011 21]11, 21111101
001( 1111111· 0011 2011100 010110111101 111111110 0·1·1]”1)011, 11111111· (110 (1001· (1000 11111111110111
01) 11110010 1111120, 111 1111001· 10111110 2111 1111010011 000111111000111.

Π. 11100 0011 11110000 (1111100110 11111111101 1011 0112101110 111111 (1000 Α1111110111 10 11001110-
ken. 130 1110111111011111000 111. 111111 1101 0101110111, 001111( Rome (11010011, 01011 1100 0011
11110000 1111011001, 011 11101 00 1101011120110110110101110 111111 11011101111111111 1101110111101110.
Op (111120110 011 111001· 111111110οΠ 111111 (10 111101010, 11110101 1011 1111011 11]οΘ door Gods
Α1111110111 0011 110111111111 van Christus 0001001010. Α101101111111001111100011110111111111,
001111( 111111 1101 110111111111 111111 (3111101110, 200 20111101 11101 (10 Α1111110111 (3000 11101
111 100011011111111( 21]·11. Mam· 110011, 01101111 tegelijk· 1110101 1101201100 1101100111 0001001010.
De Lutherscho kerk heeft (1001 (10 1001· (101· (1010011011 (1011 21111101011 vorm 111111
1101 Ρ111111110101110 000011011, 111. (1111 1101 110111111111 111111 Christus (10 011110 (101 1110111-
10001111100101011010 110011 01111111110011 011 01101111 11101111111111· 11110101.. 13111 0111100111 111
100011 (10 0···1011(101(1111111111011 (101 Α1111110111 (1000.Η1]’ kan (10 01··(111111111011 1111111101
21111 11101 1101·κο01011, 11101 j] 011 110011 0011]1( (10011 21]·11; 11101 0011 (1110 01 0011
011120110 1111011 21]·11.

Bi] (10 Ο1011(101(111111111(11 111 (10 00(111·11(1111011, 111 (10 (1011111111011011, 00101 (10201100
1000] 110 111] (10 010111111111011 111 (10 1111111111.

ΠΙ. Α10 110001111ἱο 110(1011 (10 010111001οι11111101Α11011011111111011ῗ) Α10 0010010010 of
011111 1011111011οῬ 111 (10 00110011111011001111111 20 010000111101111110110,11111111·111111)011111010
kunnen 20 1111010011 0010010010.

Uit 00 1101120 (101· 0101110111011 110101, (1111 20 (·11111 relatione 0011001011 21]·11.

Ζο11, 111-111111 011 01011011, (10 1000110000, 21111 00100100100 110100111111001011. 130
1110110011 01111111 01· 11101 11100 111 (1110011 rapport. Μ11111· 1011111110, (110 110011
11101 11111101· 111 11011111111110 1111111111, 00011 11111]11 011 01000 0011101100, 2011111100-
111111111011.

130 1111111111· 11110011 0011 1110110011.

111 (10 01001111101010 0111111111 20 1100 111111 1101·1·0; 11111111· 111 01011101· komt 20 naar
0110 100. 111 (11011 1101111 0001 20 (111, (1111 20 111 0110 111011111, ann 0110 1110101 00110-
01111110010, 0110 111 01111110 1101101, 01111011 011 1101110001.

13020 (1110 0101110111011 1111 01111111 11101 1111111011 0110, 11111111· 110(1011 11101 0112011
1101011011 111 1101 111111111010 11011111110.

1311001101 10 (111 rapport:

1·· cum (3101110101

2“ cum (31·01111111·11;

3 (11111 Foedfflae (ι1111111-11( 01 11(1·Μο0111010111.

ms 010 (111( (1(1111111111 11011 0110 101111011, (10( 11 20 0111 111 (1( (11010111111101110
111111· (111111111111 0111 0011 11111 0101εο 1101111110 1( (10111.

