87
college-dictam: van -een der studenten (Dogmatiek).

11161 116611 denzelfden 666111100111, (116 111 0111151115 15, (116 116611 11161 Η6111 66611
661116611561161).

2 001. 3 ; 17. We hebben 11161 1111661 6611 1316615, (116 op 61161161 1111326 11115-
11611(161(1 15, 611 1116611116016 111611 111 (16 111-66106116 111665161 66611 111166 1111661. Ὁ δὲ
Κύριος τὸ Πνεῦμά ἐστιν, οὗ δὲ 6112. Dan 2661 111611 11161 11661 661661·(11161(1, (161 1111
0111151115 111661 (16 Η611166 (516651 15. Volstrekt 11161 11116611 ’t Β61661(6111 (111; 11(
1(611 ’11611 1111111 1161101 2666611, (161 (16 1611611566651 11611 1111311 hand m1j1] hoofd 15,
0111ᾶ61 11161 1161 1100111 1161 πνεῦμα 1111666661, 611 6116611 (1001· 11611100101161 πνεῦμα
111 1161 1101166111 11110101 1066016666. Η61 1100111 15 (16 16116115666111, (16 1116111116, (16 -
1611611566651, 611 6116 16(1611 1161511111611, 615 (16 1611611566651 van 1161 1100111 111166-
6661. Τ6116115 111061 (16 1611611566651 11611 1161 hoofd op (16 16(1611 111611(611, 01)(161
(1626 111111 111116 106111661116 6116116611. 13661011] 51661 61 bij: οὗ δὲ τό Πνεῦμα Κυρίου,
ἐκεῖ ἐλευθερία. 1)626 111116 0611166166 (161 16(1611 1110161 6615111611666611,111-61111661
(116 16116115606111 van Christus 1161111161111611(1 111 0115 1(01111.

1 001. 12 z 3. 001( (111 15 6611 1116615, 1111661·1116(16 11661 6611656610 1110161. Er
51661 11161; διὰ πνεύματος, 111661·; ἐν πνεύματι Θεοῦ λαλῶν. Hier 15 511161(6 van (1611
161161156(16111 111 1161 1101166111, 1116616001· 00111601 11651661 11155611611 (16 (1661611 11611
1161 1101166111 611 1161 hoofd. Wanneffl· 11( (16 261111111611 (1001511666, 2011 (1616116115-
6(16111 11161 111661 11611 1161 hoofd 11661 (16 16(1611 66611; 611 (16610111, 111(11611 (16 11611(1
661·66661·(1 261 worden door 1161 110010, (1611 11106161661116611501161) 1116615 1161111611
611 wel door (1611 16ν61156ᾱ6111. Zoo 001( 111] (16 1(61·1(. Ν16111611(1 1(611 111 1161-,1161166111
11611 0111151115 66166661(1 worden, teuzi] (16 161161156(16111 van Christus 21011 6611
611( (161 16(1611 11160606616. 0115 6110666166]5101111111161 (1111111 diff 200 56110011 1111,
(1001 16 spreken 11611 „denzelfden Geest (lie in Hem (tls 1161 ΗοοῙὶΖ 611 in ons als
ε’ῄη lidmaten woont.” Daar 15 6611 1661166111 011661· 6611 110016, 611 (16 1611611566-
111661156-11611 11155011611 (116 1111166 116611 6116611 1116615 (1001· 1161 Πνεῦμα. 06610111 15
1161 200 (11111665 16 spreken 11611 6611 1116111116 1111510111116 (165 1161116611 01665165.
Ν66111 we hebben 6611 1611611566651, of 1161111611 (11611 11161, 611 (1611 21311 1116 (100(1,
611 (111 15 011610661ῇΚ, 0111661 0111151115 1(611( 6611 ZevemZ 016611151116 15. Zij 16611
111 haar Hoofd 611 116611 (1611 1161116611 06651 611005 111601161106 611 01161501161061111(
6611 11661 1161110110611.

Omdat de 11111165 655611116115 111 1161 σῶμα 10651661, 111061 26 001( 11111(0111611 111
(16 6111116611 11611 1161 σῶμα. Vandaar (161 We 001( 011(161·501161(1611 (16 ’111ῑὶ165 fidei,
spei et charitatis. We handelen hier 6611161· 11161 11611 (16 11065, (16 spes 611 (16
charitas, (116 1160616110 worden, 111661· 200615 26 06516611 615 1111166161116 quali-
1611611 van 1161 σῶμα τοῦ Χριστοῦ. 001( 61116611 6611 1111661)1·061(1 110661136 1106 110011
6611 110661 21611 111166611, 61 111006 1161 001( 2611 1106 110011, 611 61 116611 1161 1106
66611 6662615615 11611 1116116615, (1611 15 10011 1161 111166611 66111111166161116 6116111611
van 1161 (1161. Ζο0 001( bij (16 1(61·1(. A] heb 11( 16 (10611 11161 6615011611, (116 1106

