g 18. De Siym'ficatz'one Symbolica Baptismi.

„De 617111001166116 6101111061661161116 1760 116 1100116616 1161 111 116 161111-
6611116 11166111, 1116 11001· (16 661161101066011110611116 6611 1161 1116161· 16 11166-
6611611611, 111661161176 1161 111711610111 6111661111 116 61117166611106 1161· 01116111-
116111 011261 2161; 611 61661116 111 200176116 1161 1110611 17111 0111161061110666-
1611111611 2111 17611 2011116 16111161, 11611 1161 1171161 1161 16111001 6011111616-
1101116 6626611 WOlden 1161 010611 17611 (1111161116 16 161116660166160. 8101111
110 116 2011116, 1111161· 61117166611116 11001· 11611 110011 117011116166066111, 616
6611111661 066606 611 116160011111116 (16611 op 21602611, 200 200 116 110011
66110116 1161066111 10061611 worden 611 116 6171110011611 1116111166 21111 0116611111.
Dit 6611161· 16 11161 61200. De 200116 117161 611176666111116 11101111 6166066111,
1166111 op 111 1161 (1116161116 1161·611161·;

1θ 1760 11100111 16 21111 661161* 20011166 6Χ16160116;

26 0111116 16 21111 van 116 ν61·1101·176116 0161160116111116 1161001·;

3Θ 66110111 16 60116111066160.

Uib 116260 11001116 16 61117666011106 van 2011116 0011611110661, 1611211 61·

1Θ 1761111601171116 17611 116 6106160116 1101116;

26 661116606011611 6611 6611 20111616 0161160116111116 1161001· 0111616;

ΒΘ 116 66110111 211 660061;

En 1111 110 11166111, 1161 116 11611166 110011, 0111 111 1111061111661611 2111, 161-
1116106 17611 200116 16 1101111611 6106611160, 1161161176, 11111 1111 6171110001 1760
1611116106 16, 0011 610661111ῑ

1Θ 116 11761161·6611001’16;

ΞΘ 11611 0176166116 011 1161 11111 1161· (1016161016 111 1161 11011101111111 van 11611
Μ666166;

3Θ 116 1101610116 00616.

0011 (1626 11116 110 1170111611 11001· 1161 6661601601 van 11601161116611110011
10 20016116 6166066111, 616 116 0011616606 111, 611 116111661011110111611011
1161 water, 110011, 611 117611610116161111106 1611 leven voorstellen, 1161106660
611 1116610111100160 011 1161 1116161, 111166611116 17611 16ν61161111116 0611011160,
60 1161 21611 ondelwelpen 1611 11611 (10οῙ1 van 1111161111 1116 111 1166111 vm
(160 (3111161116 011116,6111 116 666616111116 1100111116 111 1160 fides ν6116-
66011700111161 ’

