*88
college-dictaat van een der studentem (Dogmatiek).

In Ι Ρο11·. 3 : 20 wordt 002000, (1111 (10 Ζο11ον1000 τύπος τοῦ {inculcamus 10.

130 0111101110 110011 11011111νο (1001· (10 ἕνσαρκωσις 001( 11001· (11011 1110 1110 πνεῦμα
0011170111 (cs. 1 : 10, 11). 130 0100110111001100110 Μο001110 110011 als πνεῦμα
10000 1101 Evangelio νο1·1(011(110(1 111 (10 010101011, 200 001( 111 Νο11011, 10011 hij
01·0(111(10 111111 11011, (110 1111 ἐν φυλακῇ 21311. Mam· 20 1012011011 21011, 11101100οΠ-
0111111100 000 120 jam· Wachtte. 1310 01·0(111(1110 1110· 10011 111 00 1111(, 010 0000111170
werd, 11711111111 11101 111001 (11111 110111 1011 011100 100 0011011001] 1117010011 (διεσώθησαν).
Mam· 1101201100 11711101, 0111 (10 1111( 0011100, 117110 1011 1101001·νο 111111 11110 1111001011,
(1110 type 171111 0111101110, (110 10 0011 1011Κο 000 (10000 011 0011 1011Κο 000 10110110.
(2 001. 2 ; 16). 001111( 1111 1101 111111101- 171111 (1011 2011011000 (1011 0111101110 0111011011-
1·001·00, 10 τὸ βάπτισμα, 001( 111 11711101 1100111111100, 0011 00011100 van Christus.
Gelijk Noach 00010110 1111 0011 2000171000, 200 001( 10 0111101110000001111111. 001111(
11011011 0001 21111 0001111101110 1111011 10000, 017011200 0111101110 (10 21111011 door zijn
0001111101110.

1701001111( 1100 2 Ρο11·110 2 z 5.

Γ11110000 type: Doorgang door (10 110000 Ζο0 (1 001. 10 ; 1-7).

1311111110 0010οΚ1 van 1101 Α17011011111111. 111 (10 1(011( 171111 0011111110 was 01· 11110,-
1111111( 111000100011. Van hun 11ν<ῑ111011111111 11111111(1011 20 100011110011110011.

1311 1(1171111(1 11101 Paulus 111111, 011 1111101 0011, 00 117111 11101 1011101 10 000011100.
(170. 1-4). 11111111 wij] 20 11101 1011011 00 (10 1111701011011, 11101011 20 bij 011120110011
111 (10 1100011111. Ε11 111 (110. 000011100οΠῙο 1101 00011101101110010, 1171111111 000011100οΠ
2011 (vs. 6).

111 (102011 1111011111 10011311111110 (10111111(11·111( 00 (10100011010111110 11100011011 0011110111-
0011 001·0(1101101ν1111 0111101110 011 (1011 (1101101 171111 00 1101001100110 111000011. 130 01111010-
11011 111001011 21011 1112011(101011; 111111 (1000 11111111(10 0011 0011010100· 1110001101111011 011 00
1110000111011. 1311 1111 was 11101 1011101 001( 000011100. Α11111711111(01111( was 1101 111 00
1101001111701010 0000110111011, 11111111· 000 10 11100011011110100 001100011 011 110011 010
111700 0011100000 11001111100001011 1111 011(1111(1010·011·01(1(011,11001110111010170100101110111
00 0011 10110111 11101 111111 (100 11110011 111 (10 1170001110. 1011101 1717110 171111 Egypoe
000011010οΠ (1001· 1101 waterbad 111 00 110000 Ζο0.. 130201100 1171110100, 1011101 101·
13011011001110, 11111011 (1011 ΕοὙο1011111011 1011 1101001νο 0011010011.

Ν11 1110101 170. 1 001( 1100· 0011001110 (10 νεφέλη, 111 170 2 00100010010.

130 111110 171111 (10 θάλασσα is duidehjk, vam (10 νεφέλη is 0011 11110010.

1311111111 was (10 Ε11001 (100 Ηο01011, (110 (100 111101110 11011110 011 (100 (1111100 20
1)0(101(10. Do praesentio 171111 0111101110 werd 01· 1110·017001(1.1111 (110 117011( 1111
1111101011 0001-1111001111 (1100001011, 1171111111] 11101 1010 00001011]Κο zat, 11111111· 0011
1011101101 0011 1001111110 0011100110011110 gaf 11101 (110 117011(, 1111111111 (10 100011Ψο01·-
dig-hvid (100 11001011 117110.

111701111Ιο 1111 111 1101 11170111111111111 111-0011 011 wijn 1111]111011)111111001(0111011,011

