ἓ ]Ο.

„Het dogma (1 6 110116 6 (τ (31 6 61116 16 01166110111611 1111 16116116 166611 (16
(1610111111116 (161· 1161-11, 611 11161 11111116, 10611 21611 1116 661016 van 1111616616
611 schisma, 111111111 166611 alta-ar verhief.

Ν1611666116111111106 (162611 1101611116611611 0016111006 116611 (111 (10611111 1111106
0011 1106111616 1061661161116, 0111 1161 616611111116 1161011161 van 06 116111 1116
institunt, 11161 als 0161111161116, 16 1360111611. We] 10611 116611 0011 06 116111
1116 0161111161116 1101116, (116 als 2000111116 0011 111 (16 (1011166616 11010611 111111-
6601110, mam· 1161 16 (16 111110 06261· 1101116. 0111 26 11161 6611066 6611 11111-
pabel karakter 1162111611, 0111 101 0661166106 16 1111110611 1610611; 611 1111111·
111611 (111 10611 11161 0626 1101116 110061 16 1161611160, 1161100111 111611 01166-
11161111 111 1160ἣο161116 01 6611 (1111110166 116111νὲ1016 60111111611161-166116
(1111111106. De 110166 van 1161 0161111161116 10611 1111011611 66611 111106101111660
002161111111111· 111111111161 01116611 611 111 (16 0611106016 611 (1611 11110061 ‹lc-1·
geloovigen 61661116 1011100160 11001 200116116 0626 1111111 2110 van 111111
16161161761111611111116 611 111111110011611610 101 1161 1116111111111 1111113111161116.
Β160161166νο166 06616111 16660 (16 0101111111111116111 11110 «1626 0011161161
011616οἱ6 116211’1111,1·;

10 (1111 (16 11101110116616 6610011166 11111160 6111111 is. 001 01161 111-06111116·
nis 611 (1611 1111111061 111111 alle overige 160611 (161 116111 (1(1111116,111·1)11’116011-
(1611116 6611 6601662106 311161 0010661 16 11611611.

2⁰ 0111 0626 0611106016 611 wandel 0011 6611611160 1111011611 21111 611 1116111111
11161 11111661· als 1101116 van 1161 0160016016 0161161 1111110611 (1060.

3(ι (1111 111]Ι 6111 0010661, 0111 op 0626 1101116 11161, 1161 211110 (111-11611160
6611661 06 1111100111 van 1161 verbone] wegvalt.

Α110616 6111111 1161 01111161116660 11161 (16 1101116 061· 66616610 formata 01
instit-uta. In 1111111· 10611 11001611 (16 6610010660 11161 101 660 111(111’1011(·616.
11111111· 101 6611 6611166116611111106111116 116116. vn 16 (1116 1111 16 1111111611. 01 (1626
116116 conform 06 0001· Christus 66616106 11011011 is. 611 111200 (1161161 111111
00611, 0111 instrumente& (16 1161-16 van (160 Christus 16 1111611 1116111611.

Α16 2000111116 nu 60166111 (111. 00611111 uit. (1111 do molesia 1011111111111111
notae necessariae 116611ῑ

1‘¹ 1161 111101616111101 1’61·1)1;

2Θ 06 administratio sacramenti.

