197
College-diotaat van een der studenton (Dogmatiek).

(16 011Ζ16111111116. 1)·1111111111161 1161111611 1116 16 (10611 11161 (16 1611111611, (1111 (116 011611-
111111116 111 (16 6161616 16 1111016161611 116611 11161111 (16 1666111166611, (116 111111 (16
bereiking 111111 6111 16611111 111 (1611 weg 61111111. Γ1166611 616 1611111611 1111 1110611111116
6613001116 611 (16 6111161( 111111 1161 16611111 111061 61 166611 (1116111111.

Β11 1111 16161 op 661’61’01·111661·(1 standpunt 101 6626 6011611161611;

1Θ (1111 111611 (16 2161116616 1(611( 1111111 16611111 111111 111116611 111 (16 011Ζ16111111116
1(611(, 11111111 (1111 (116 011216111111116 1(611( 616666 6610016-0111661 blijft, (1. W. z. 6611
16611111 1111111, (1111 110011 1(1111 11611116Ζ61111]1(1 1111016611. 1311111001 heeft] 66 (1616101-
11166166 1(611( 616666 662666, (1111 (116 011Ζ161111111116 611 (116 κ161111)11161(611( 6611 ziJH.

⁴20 (1111 66 6611161111166166 1(611( 1111006 6001· 6610611611 16, 6111161( 16 061611611 op
(16 1611111611. 611 (1116 616666 611116611111061 0111166611, 11111111· 611 110011 11116616 60611
111116· (11111 1111111· notae aeternae.

3⁰ (1111 ze 616 6111161( 116611 uit 16 06166611 op 1311166 1111111161611;

(ι. 6001 1(6111,

b. door 1116111.

Die 1(6111· 611 (116 1116111· 116166 11106161] 6111111 1111111 1101116 externae.

Κ6111 611 1116111 zijn 0116616611616611, 01116111 616 1(6111 (10611 op het &memma
111111 (16 membra, 6661661116 (111 van (16 111111)16(11116(·16. Η61 16 (1111110111 11161,
6611066, (1111 (16 1116111 66111111611111116 11110161, (111111 (16 1116111 66611 610116 heeft,
111-(11111661 66 1(6111· 11161 16 1111660616116. 011661 (16 1116111 111061 (16 610116 1166611
van 66 1(6111.

Β6Ζ6 1(6111 1061661(6111;

lU (1111 111611 11001 zijn 616611 1116111116611116 (16 membra 611(6111;

20 (1111 111611 (16 111111)1661116616 61·1(6111;

30 (11113 111611 (16 1(61·1(611 611(6111, 11161 11116 111611 111 6611166666111111 166111.

1)6Ζ(· 1(6111 gaab 11161 11116616 (11111 1111111 1101116 externam (1. W. z. wat (16
1061116111 11611611, 1111111 (16 11111116, of Ζ6 (16 0611166616 111111 (16 1(611( 1161116611 611
(1611 (1001· (16 1(611(’ 6661666661] wandel 1)166·611; 611 wat (16 ken-ken 111 kerkver-
1111116 bem-eft, of 66 predicatio 1161101, 66 administratio 61161111116111016111 611 (16
formatio eeclesiae beantwoorden 111111 (16 61661161] 111111 (1066 1161116· Woord.

De 1116111 116661 11116611 1116616611, 66 1(6111 116661 1011116616116 op.

Op (116 1(6111· 111061 Ζ661· 111]Ζο11661 66 11661111( worden 661666, 01116111 zi] fei-
161111( 116111111111110066 16. Dit 16 11001113111161111( 6611 6611016· van 1161 0111166611 (161
110011166116 1(611(, (116 66611 1(6111 1(6111. Zij doopt 111166 wat 111 1161. baptisterium
6661116611 1110161. 01116111 ze 66611 11116616 herken 61111611 1111111261116 611(61111611 kam,
bezit 26 001( 66611 1(6111 11161 6611616666· 101 11116616 1(611(611. Ζ6 1161·11’61·ρ1ρ61’66
111166, wat zich 11111161 1111111· 1116 1(611( 111111616111.

De 1116111 (116111 61661111,γὶ1( 11116611 0111 (16 1111111166 111111 (16 1(6111· 16 1111116111111611.
Zij 11110161 1611 011Ζ161116 van membra 611 6111101661116616 1066661161,111111111661111611

