166
college-dictam van een der studentem (Dogmatiek).

13115 metm-(laad 5511 15555515111115; 531 55 Η5515 05 1305551535317055 van
5511 14ΘΠ Ν1535 1151 533551113111 115511 5555155, 1151 3νο55111331 115511 155551515,
511 5511 15011 15 5551011755, 511 bij 101135555, 531 55 1551511155 15 5537555105555
13011, 511 531 (15 115515 05 555 14ΘΠ 315 1151 5335551351 5551011755 15. 01751· 5525
155511515111115 ontwikkelde Ζ1511 5511 0111Ζ355511]1(5 511135, 515 505 voortduure,
1115551155 (15 Grieksehe 55 3001555115 1(511(. 135 Grieksohe 1(511( 2551, 53155
1551511155 05 5511 13011 Ν1535 15 55375551, 5515111115 53310111 001( 5555555155
51005, 551131( 511 05 13 Ν15311 505 55551511 37515, 55 3005155115 1(511( 15 van
0015551, 531, 37131 (15 Η5515 1151 3305515331 bij 1151 51511 van 1151 533551113111
115511 1115551515, 001( 055555555155 51005 15 5555155. Η51 15 55 Ζο0555335155
51155 551· (311311055515135511.

Τ375551151 111115 1(373111 15 55111511( 135 5555 51055 37011 05 14 Ν15311 1151

3170115111331 17151511, 5511 355515 53315515555 05151055 21511 van 55]00555115 ’

11]·5151(5111115, 55 1715155, 0111 55 53515551515111155 11151 1151 05513115155515551 van
5511 Ζο11535 11151 15 3511115355, 1151 111555 van Christus 515555 05 555 Vrijdag.
135 30055511-5111151511511 15151755 ν35111011555 335 55 551515011155, 101 555 5151151
551· 551135113755 1)51100151155; 55 1151555-5111151511511 111331(1511 Ζ1511 11151335 105.
Voornamelijk door (1511 15171055 van Rome 15 55 15171055 551 55151511 gebroken.
In 1151 Westen viel 001( 3751513 1151 1155115 van πάσχα σταυρόσιμον, 531 05
Ζο05511331115511 (1055511 Vrijdag gevierd werd, 3755, 55 101551 311555 1151 πάσχα
ἀναστάσιμον 55171515. 13331051 15 0115 53355111715155 1151 5555115511 van 55 3555513115
van 1151 offer, 511 511 37515 05 Ζο115355101555 55151 0555153317. „Hij 15 055551335
101 onze 1·551111733151511131(155.”

Ῡ51551111151155 50515555 115511 men 3355537555, 015 (15 115155 1051155155 1551
511(311551 15 50511 01751555515111111511. Ε5115ΓΖ1155 5001 1151 370015 παρασκευή 5511
3115515 1)51551(5515 15 551755, 5001 1151 5151 van 1151 53355111315 111331· van 555
5311113111 15 (10511 551555. Μ331 111515001 370151 Joh. 18 ; 28 5151 1751153315.
13331051 2555511 355515 5Χ5551511, 531 55 Η5515 11151 05 555Ζ511555 535 315 55
10555 1151 5335011135] 55551511 115511, 111331· 5511 535 17105551; 531 55 305511 1151
05 5511 15θῦ Ν15311 Ζο115511 55551511 hebben, om 1151 53355155331 15 5155 05 5511
(7001317055 van 555 5310113111, 511 55 115515 Jezus 05 5511 5001 God ν351555151-
(1511 1115. 1115117001 51511, Ζ555511 zij‚ 55 171335 551· 51551551511; ,,37331 37111 gij,
(131 371] 1151 5335511111331 105151555ἱ>” 37111 55 5155155155 37151511, 531 55 Η5515
55370011 3735, 1151 05 5511 17351555151555 1115 15 1715155.

Η51 1751551111 111 (15 berekening 1(35 151555111511 05551051, 5001 55 ,1111515 115155-
1((»1115 van: ,,11155511511 55 13755 3νο55511;” 37511(5 1105 11151 1735151331. 135 Car-aei

511 (15 samarit-<men vieren 1151 5335551533] 5151 05 1151Ζ51155 moment 315 55 1

ι10555, xvij] zij 515 37001555 355515 05331155. Ε5 505 zijn 51 15 Samaria, die
1151 lam 11151 11555555, 111331· 5133555 5155. Uit 55 Μ1551153 5111111, 5315510555

