256
Collega-dietam} van een der studenten (Dogmatiek).

111501111 11111110 Α1·11111111111011. Μο11 Ζο01, (1111 01· 7001· Ζο1(01’ 0011 1(01·1(11011111110111001

71111. (1111 511111111(0111011 111 (11155011 011 5111100011 zoes 0000 15, 11111111, κ 011 011 15
1101 1’01·1(001·(10 — (111 15 11110011 (1111110111 1100010, 01110111 zaken van verschil, van

1110111 11001· 1011111110. (110 1110101 1115110· 0011011011, 501115 appel 1101015011011, 011 001(
111111( 1101 1110005 111001 111010011 0000550010.

111 (10 11110000 111111115 Ζ1111 01· 111·0(111(11111011 1100010. (101011111115 1(111111011 011 0011
(111111 11101 110100011. Er 15 (101·11111110 01110101110· 1100010. ΒοΖο 11010150111 2010. 1)11
0150111 11100010111 100011110 111111 0011 examen. 130110110101115110111110111, 0111 00
1“1]1(01·0 1(01·1(011 (10 111111010 110111011, (1111 1(055011 11001· emeriti-predimnten worden
01100110111, (1011 1101-0111110 111111115011 11101-(1011 00110111011111 1101 1101111111011 van 1101111011.
Ζο0 zijn 01 1111 111111 11000011, (110 11101 1(111111011 1111110011 1101111110, 1115 111011 11110011 5101111.

Ηο0 1110101 1101 (111111)

Dan wordt 1101 (10 1005101110 van 0011 0110011 11100111111111111· 011 0011 1100011130, 010
011( (105110005 01) 21011Ζο11 Ζο110011 1111111101] 1111111011 101011, 11111111·100111110011101101,
0111 1101 wat 110101· 10 1101111011 - 0111 Ζόό 10 5111·01(011 μ 110110 bij bo’cJ'e 1000011,
011 1111 111 1101 111111101111( 1100011. 1101 Ζο11 0011101 001( 11110015 1(111111011.

Ζο0 51011 111011 1101 001( 11001 111 Ζ111(0 1101 1(011(1101·1111110. Ηο1 1(011 001( 11111111111011.
1)·111110111 1000011 1110 01 111101111( 011, (1111 We 11101 1101 11111110115-51011101111111 111 1101
11111151 00011 111000 11100011 1101111011, 011 (111 111001 7.(’10 51011( 00110111011, (1001111105
1101, 0111 0011 1(01·1( 111111 00011 01110· 0011101( 11110, - b. v. 0011 1(01’1( 1115 010 van
Α1115101011111, — 10011 van Christus' 111000 011 1111111· (10 110111110111111011151, 0111
0011 verb-and 11101 (10 11110010 1(011(011 10 ΖΟο1(011.

Α151111 111001011 we 111111001011 over (10 vita 00111111111115 7011.

Hierbij 1101111011 wo dezo 11111111011110, (1111 1101 1011011 ’(101 1(011(011 111111 Christus
1105111111 001· Ze 0000111110(1010010 zijn, 011 10011 11101 1(111111111(0111011 2011001· 0011100-
(101-11110.

Derhalve 111001 01· 111010011 0011111111(1 100011 111100 1(111110011;

1Ο 100011 11011, (110 2000011, (1111 (10 111111 00111111111115 ont-,stam 0001 (10 001110000-
1·11110, 011 1111111· (1115 0011001 111 1101 111111110110100 110111011;

20 100011 11011, (110, 0111 1101 11111110110100 100011 1001111111, (101111111010 111111 (10
1(01·1(011, 0111 10 (011100001001011, 01111011011 011 Ζο00011, (1111 1011111110, 111 0011 511001(
1010101100, 1111117011 101 (110, 1(01·1(011 110011.

We 1(111111011 0115 111111 (10 211111( 1101 11051 0011 110015101111101 111011(011, 111111111001· 1110
0115 denhem 0011 51001115011111, (1111 b. v. 1111111· 1101 Ν11111Ζ11-111001· 111001 worden
0011111151101·10010. 110151 1110101 (1111 501111) 111 5011015 00111110111. Ν11111· die 5011015
1111110011 (10 1·01·5(·1111]011(10 0001011 011 Ι)1·01(1(011 0001111110. 130Ζο (1001011 011111·01(1(011
1111110011 01101· zm· 0·07.011(1011, 011 111111 (1011 001101· 111111 1101 111001· worden (10 51111(1(011
111 (11(11111· genet 1115 (3011 0011001.

7.(μό 15 1101 «mk 111 00Ζο 1111110110. Ε11(0 1(01·1( 15 0011 51111( 011 zichzelf, 011 (10

