80
college-diotaat van een der studenten (Dogmatiek).

660011061111661·(1; ze 6161111 1161 661001 111 (1611 11701161 611111 (1611 1110666111. De
Christus 11161161 (1116111001 1161 011(161601161(1 1666011611 (16 wereld 61111611101166111 17611
Christus 101 0116116661, om 0116 op 161616611101 (16 aanbidding 17611 (1611 Β1·16661116611
G0d; om 11161·(1001 0011 1161 661ῑο61 van (16 661116611601161) (1611161116611 16 616111611.

1)626 6601611161116616 working 16 of 1701110111611 of 661116111116, 611 wel gradueel
111 (16 1161111611 of in (16 (1661611.

111 (16 1161111611 1161161 1161 af van (1611 6161111 van (1611 (3111161611. Waar (1616061)-
111711611 6100161 16, 16 0011 (16 6601611161116616 11761111116 1111161.

Μ661 wij (1061611 11161 op (16 01166111111161ᾶ 111 (16 (1661611.

111 (16 volheid (161 (1661611 116611 (16 6601611161116616 1161111116 1116616 bij electi,
regenerati 61 0011176161; 11161 bij (16 616011 16661161611 11011 0011176161.

De 60110 sacramentalis bij (1611 Doop 16 6116611 0111 1161 661001 16 616111611 111
(1611 11101161, 11161 111 (1611 1010666111, (116 16 61 1106 11161. (3166161111 11611 6116611 wor-
(1611, wat 61 1·66(16 16. .

’110011 111061 onderscheiden 1666011611 616011, 16661161611 11011 conversi, die 101
011(161601161(1 17611 161611 66110111611 21111 611 (116 (111 1106 11161 21111. Bij (16 66161611
111. 11611 1161660161116111 0111116116011 1176111611, 611 11611 661111166611 0111 1116666161011· op
(16 116116611116 16 1176111611.

111 (16 (161(16 1116616 1161111611 26 21111 616011, 11011 regenerati. Μ61 6611111610116011

661001 1161111611 26 (16 116111116 17611 1161 11611· (1611011661611 111116111361717116121111, 20οᾶ61 ι

(1611 (16 6101 66111176216 16, 117661· 111611 16161, 616 111611 101 6610016611011161116,11161
1161 116117116121111 261 11166611. Ν161 (161 1161 sacrament 1161 661001 2011 1176111166,
111661 1161 1617611 (16 bouwstof, (116 16161· 261 worden verwerkt.

01126 Formulieren 161611 21011 op 66111116 11171126 over (1626 (1116661166 uit.

Zoo (16 Ο61601116111116ς

Vr. 65. Η61 sacrament 16 111611·111116111,ν1766117611 (16 Η611166 (16661 21011116ᾶ16111,
0111 1161 661001 16 6161.11611

Vr. 66. Ν161 1161 660161116111 1161(1611 1161 6610οΐ op, 111661 (16 Η6616 66611 61·
0116 (1001 16 verstaan 611 1761266611 61 (1001 (16 0610116 (166 Εν6116611111116.

Vr. 75. Hi] Zelf spijst 611 16611 11111116 2161 1611 661111716611 1617611.

Ε17611200 (16 Confessio:

Art. 33. ,,Η61 21111 21011111616 11766116611611611 611 26661611 17611 66116 1111717611ᾶ166
611 01121611111116 26611, (1001· ’1 1111(1(161 (1611116111611 God in 011611761111 (1001· (1611160111
des Heiligen Geestes.⁷⁷

Art. 34. „Maar 01126 Η6616 66611 116166116 (1001 1161 660161116111 beduid wordt,
16 1161611 (16 6617611 611 01121611111116 66116(1611, wasschonde, 21111761611ᾶ6 611 161111-
661616 0112(Ι 2161611, 6112.

1
1
3

