199
college-dictam, van oen (161· studentem (Dogmatiek).

6616111 66 11611166 11161 1166616 (11111 op 6666166116166116 6111111666 111111 66 1161616
zich opcnbzwon 1111611611, 611 (166 11161 11116616 (11111 6666616 1111116611 1166111611166.
In 1161 6111116611616 111111111161· 1161 dus 66 661Ζ111111, (1111 66 Ζ16111111116 116111 116611
6611 66111616 66611111111116 21111 11116 van (16 116111 111111 0111161116, (116 11161 16611111,
6111111 1116616666 16; ,,1.11 661661Ι 6666, 11611166, (1196616666 61111616111116 116111.

Men 116611 111161 66Ζ66111 (16 6111116116116111111116611611116161161111111166161116116611.
Men 116611 6666166661666 111111 (16 61166166116166116 1111111166111116 11611166 bij 61111161
1111611 11616611, 6111 7166666666 6611 conspectus 6661661116 16 661166. We hebben
611 66Ζ166 111 66 6666111611.

Die 6666111611 111111 111611 11161 11666 6611666 61611611. Ζ6 11611666116611 6666616611
616111 beses 111111 6111116116611611616 611 6611 61166166611 61611166 6111116 1111111· 6111116·
11611611. 1361111611 we 66116 6611 6666661111 611, 111111 1161 116166116666, 111 325 6611
(61161116 11116611 16 1111166111 1117666661 61· 16 61161-1166661161111666661161166111116161,
b. v. 16 (1166166611, (1116 11116161 61· 6611161166 61161 1161 1116· 66 1161 661611611166.
Mau-u· 1116 We 6666 1166661166, (1111 6611 1616 11661· 6116 1111111 Australi& 1166 1161161
zon Ζ1111 611 61111661· 6616 611 11166116 Ζ611 1166166, 61111 11661· 1161611 111 (11611 1116
(16 1616 1111111 Nico-<17 (11111 1166261111 (16 61161616 (1161661616 611116161166111666166
6116 1666166116 66111166 111. 0116116116 zoo 11616 667111111166, 11111166 uit 11116 6616611
11116 66 οἰκουμένη 1116661161111611 1111611116Ζ16. Ζ611661 (11611 66611666 (1111116 1111111
611111611611611, 1111116 6111111161 26111 6611 66661116 161 611166 6611661611, of 11116 1161
zich 11111111161 116111111116. Τ66611111661·(116 6611161· 66661111611 zich 6111 1161166666 1161-
6116111 11161 111661. 1111, 11111 1166666 6611 6116666111 Mam· 111111 1161661166611 onze
6111166611 16 dat 1116166 1166116116 111116 111 11616611111166 11161 (16 61166 6666111661
Η66 6661111111611111 11611666 66 1161116166116 11611166 11161 6111111111661611, 611 16611
1161116611 ze 1166 1111611161· 6611 66611661 6611611666.

Μ11111 16611 -— 116611 661166 616 6666111611 6611 61166111111116 111111 (16 66116616 116111.

1)6Ζ6 666661611616 11611 1166 1111616611 6666661166, 1111166661 61116 1161111111111616611
11116111 666611611166, 611 Ζ66 1161 6611661 111111116616611 1611166611166166. 0611 611 16
6611161 11161 1161 6611111, want 61· 16 6611 11116666 666661611616, (116 6611 6611116111
peccati 16 611 11161 666666111111.

Β6Ζ6 11116666 666661611616 1161111 16666 1111 111 1161 1111111161661111, 6111 666 6611616
661 Ζ61166 16. Η61 Ρ111116161·1111611661 (161 111166 16 6161 1166616 6116 6611 61111611 (166
Η6111666 (1666166 61161 (16 666661611616 661 1111611.

Η1611111 1611111 ’1 6611161 11161. Er 16 6611 6611 666661611616 111 (16 6611166616, 666
666661611616 (1661 1161 6611166111. 1316666 16 1111666116111116, 6111 11161 (16 116116 ἀληθεία
11616666 1116161, 11111111 6111 66 11611166 6611 666Ζ116166 66111666161161111611. Hier-
111666 6111111 1161 6611161 Ζ66, (1111, 111 ware (116 71666166 666661611616 61· 11161,111611
16611 11161 6611 6611166616 6611 hebben. Ε1· 16 66611 111611161661111, (1111 611 Ζ1(’117,611’
1166111111. 1)11 malm-sahi] 11111161 61111166 1661 11611161661111111 66 form-atie 661

