120 ⁷„

nd

college-diotaat van een dor studentem (Dogmatiok).

geweest (16 openbaring (161· 1717611(611]1(6 waarheid, 200(161 op (116 Vorstufen 66611
261161161ᾱ 1110661111( 11766, 611 (161 (1626 6116611 1110661111( werd gomaakt, 10611 Chris-
1116 6611 1161 1(11116 611611. 136 menschen, (116 010 (116166616 1161111611 waren 666101·-
17611, 1176111611 20016116 6166201106111 611 (1001· 6611 6001117611 616611166116 1761206111116
bij 1161 176166111111611 17611 1161 1(11116 17611 Christus 101 (16 2611611610 gebracht.

130 1(111161 17611 (16 (300061611611 was, om 116 16 6116111611, 110617661 17611 (16 waar-
1161(1 111611 op 611( (161 81111611 166(16 116(1; 110617661111611166116 116261 van (16 66016-
1116111611, 17611 (16 01161110611116 17611 (1611 0111161116, 6112, 101061 (16 openbaring 6111·
(1611]1( 111 (1611 Christus 11661 170110011116 116(1 6617011(1611. 136 kerk was dan 001(
66161 (1661 0111616611, 117661 (16 0111161116 0111160.

136 νο611611611 kwamen 11161166611 11161 1(1’60111 011. Wat 61· 001( 17611 (1611111610-
116611 111-0066 6611 117616, ι1611017611 16, 171716 Hij 171766 611 21]·11 261 611 Hij 116611 zijn
11111761·1(01·611611 17611 (1611 66111166111116 (161· 17176161(1 101 (16 261161161ᾱ gebracht. Νο011
16 (16 Μ1(1(161661 2011061 1(611( 6617176661; ,,(16 Κο111116”, 11661 111111 geliefkoosden
161111, „is 11111111161 2011061 011(161(1611611 6617176661.”

111 200176116 1111 61011(1611 26 op 1161 117616 61611(11)11111, 111661· 21]· 0661116611 6611
11161 66111166 10111. Ζ11· 116(1(1611 1717611116 1112161111 111 (16 016611160116 011111711(1(611116 (161·
1166111610, 611 261(1611 (16610111 (161 (16 1(611( 17611 1161 paradijS 61166 1·66(16 1162611,
11761 (16 1(61·1( 1111 heeft: 1(6111116 17611 (16 1311666111161(1, 17611 (16 1761206111116, 17611 (16
1111610111116 (166 1161116611 (1666166 6112. Op (1626 ,1171126 011161011(1 (16 601100160116

23⁴¹,

11611160116111, om 6611 16 10011611, (161 (16 116616 116111661116 61· 61 17611 (1611 1166111116

6761176661 11766. Α16 1176 13611116 van Maestricht 0116161611, 21611 11711, 1106 hij 661116-
11611 (11161 111 21111 1306111611161(; (116 66161 1700161 ; 111661 111 116161111( 01761· (16 bedee-
11116611 van (16 1(611() 6611100111, 1106 (16 11766111610 61 616606 6617176661 16. In vde
17616611111611ᾱ6 116110(1611 17611 (16 1(61’1( 116611 hij 11711161] 17111(110661611 (16 1ᾶ611111611
van (16 wan-rhem GOdS.

136 01110661116 17611 1161 1761601111 1116601161] (1626 1161(16 66170616116 16 17001· 0116
11161 11106161111( 111661. 111 (16 016611160116 011111711(1(611116 (161· 1176611161(1 11701111 1161-
6661] (16 170611611611 17001·61011(1611, 66116.11(11166ΐ(1 611 16661111( 111111 (1117611116 17611116-
(1611. 111 (16 266(11(01161, 1176611111 (16 66116616 1116111 61161(6 26101161061611, 16
110161111661 61166 666617611. Ν1616 1(01111 61· 6(1(111161 bij. Wie (1626 26601(01161 111
(16 hand (116661, heeft feitelijk 166(16 1110666111 611 171’11(·111; 111661· 16176116 111061
1161011611. (161 hij, (116 6611 611(61 111 (16 11611(1 116611, 1106· 11661 11761 611(161·6 (116661,
dan (1611 (111(61100111, 011 111] 2011 1)6(1106611 11111(0111611, 111(11611 hij 111 (16 schaduw
17611 (11611 1100111 wilde 66611 2111611. Ζο0 001( 16 (16 1176161·1161(1111116111616ᾶ116
66661766, 2011(161· (161 61· 6611 6111(61 61111716 6611 onan-ak, 111661, 0111 111611111 af 16
1610611, (161 Α(16111 611 Ε176 21611 111 6611 60011 661·6101·111661·(16 1611106016 1161(1(1611
kunnen 1761116116611, is 011661111110. Ζ61ΐ6 1717661 wij wijzen op uitspraken 1111

Genesis 6112, 611 (1661111 6611 11617661161116 21611 17611 (161661 (161· ]3116661117161(1, 6661 1161 ·

