132
0011666-(1161661 van een der studenten (Dogmatiek).

Ook 111061 66616οΚ61] 01161- 66 11611101161116 van (161] (10011 101 66 1(6]·1(, 1111661111]
(16 111666 111061 worden 11661111110016ῑ Lijft (16 (1001) 111 (16 plaatselijke 1(61·1( of
in 66 066111]]611166116 1(61·1( in?

Wij 266611, 661 66 (1001] 11111311 1111161 βασιλεία τῶν οὐρανῶν. Τ66611111001616 1161-
61661 11161] 6661011661· „ds 266611]1(6 11161·61(101·(16; 6111161 66110011 61]]16111]1(16” 6112.
Η16116661] 111061 66111·01661661·(1; (16 11611166 86111111 11661111 1161 6161616 6011616616.
1111111616, ι1011661166 (16 13001161· 2661, 661 1161 nabi] 16661(01]]61], (111611061116111166.
En 11161 2661 111611, (161 1161 1111116111, 1061] 1161 Εν61]66116 1(1116111, (16 6166116116 (161
116116116111611616, 111661· 611 16 1161’1(01](1166 1161] 1161 (16166116 61.

Ε1] 116 (16 1161·2061(1116 1161116611 001( Christus 1106 (16261166 1110016611 van
,Iohannes (Μ61111. 4: 17).

Wij 11611161] (166, 661 1161 koninkrijk (161· 1161116161] 1111166 111] (16 0116161161116
1161] Christus.

Op Mattheus 4 : 1-11, 11161 161161 1116661161] (1611 doop 11611 1011611666 61] 1161
0111166611 11611 162116, 111061 1106 6611166 11661111( 661666. Christus 1(01111 011] 6611
βασιλεία 16 166116661611, 61] 11161 τῶν οὐρανῶν. Η1611666110116161661 661611, (16 ἄρχων
τοῦ κόσμου. Ν11 16 611 1161 616666616166 1161] 661] βασιλεία, (161 1161-11161, 661111( 1161
1(61261·11]’1( (1001· 111111161](116 66111616 11] 616116 1110161 66110116611, 111661 116116 661111]-
(16616 op (16 1161-616111111161]61(1 666 11611611. 1316 11616161111111611616 101 zijn (1161161
1111161 661611. Μ661· 1111 1(011]1 001( Christus 11] (16 1161161] 1161] 66 101 Zijn kring
11611001611661] 66 1161-6161111111611616 11161(1(61] 0111 16 (10611 (1611 11111 (166 11611161661161]
Vadffls. 13661011] 1(01111 611 1(01]11]1(1·1Ῑ1( 11161 11161 1111111611616 66111616, 111661, 2661
Jezus: ,,1]61 16 11161161] 11] 1111666]]” (Luc. 17 : 20, 21). 13661011] 16 1161 001( 11161
1111 6626 11161616; 1161 110611 2111] 0016610116 1111 (1611 1]6]]]61, 66110011 1161 6001 66
ombuiging van 661] 11111 11] 6626 11161616 1116111.

1161 11161161166111616, 1161 66666]·1611]6 161116661116611 Ρ1161116. Η61 was 66 201166
1161] 161661, (161 1161 611 66666166, 10611 1161011] 661]1(01]11]6 111·066; 61] Petrus 616166
21611 166611 1161 Roninkrijk (161· 1166161611, 10611 1111116121116616 111166 661166661101(.

136 catechismus spreekt 01161 1161 koninkijk (161· 11611]61611 Ζο1166648. (1111161116
koningschap 611·61(1 21611 200 1161· 1111, 616 Zijn 11161 1110161 66110012661116 611 Zijn
16666111166111 21611 66661161 (1061 6616611. 13661011] 110161 er: ,,1)6111661· 61] 1161111661-
661 111116 1(61·1(6,” 0111661 1161 koninkrijk 661 1161116161] 11001616661, 61] 1161 011116-
(1611 61] 131061611 661 1(61’1( 1116111611 66611661 16. Η16116661101161· 1110161 nu 1161 rijk
(166 6616116 11666111611611, 61] (16 1666616661] 01]] 661 rijk 16 116611661] 611 1111 16
61616611. 16 (111 rijk 11011(011]61] 6661011611, 661] 261 ’1 koninkrijk (161· 11611161611 in
volheid komen.

Nu 16 661] koninkrijk 2011661· 11011( 01]661]1(1)661’; 66161 6001· 2131] 011661661161] ’
110161 ,162116 1(0111116.

Evenwcl 111001 01 1161-661111 6611166111 1116661161] 1161 koninkrijk 66111611161611 j

