11

(1011000-(1101001 van een der studenten (Dogmatiek.)

gebruikt 11011 0011 111101101οΐ 21011, 111001 1101 0011 00111100001100 0021011010 11011 0011
00001 (1001· 1101 0021011100100011 0011011101.

Ὁρᾶν 10 000 1101 001110110οὴ 21011, 00 1111110101ζο 1110110110, 010 ’1 object 1101.

Θεᾶσθαι 1101 0000101131( 21011 11011 1010 000010113110, 1101 01110011 11101 0000100000.

Θεωρεῑν 10 1101 01130011 11101 0112011 00001 11011 1010 0000101131ζο, 111001 200, 001
1101 object 010 1101111111010110 01011( op (1011 1100101000 110001.

1101 0021011100100011 0100001111110011 (100, 100011101. Ῡο110001 1101 10οῙ1011 111 00
Ηο11100 80111111 0111 (3100 10 21011, 111001· 0111 001 201100 1111111011 (10111101. 130010111
11110101 1101 130010 (1000 010 111 0011 0111000111101200111, 011 200 0110ον00000.
2 Cor. 3:18. ’

130 Ηο11100 30111111, 010 11001· 0110 (10 111001·1ρ1010011110 11011 (1011 110000 10, 11101-111
0011 0011 11101 0110011 11101 (10 1000, 111001· 111001 110011101 110100210111. 130 1310101310
001001 0100101100010 op 00 1²¹¹¹J¹¹23 (10 111-01001 10 axj-¹ of ΠῘΠ. 130 01101111011110
1101111 101 0110 111 0011 1001ςο 11011 110100111111110011, 11001000, 0010110100. En ι10101 111
00 00010100110 11101010 10 1101 0011001 111 1101 00210111 1000111ον00.

130 Etymologie 10011 0011, (101 1101 11101011 11101 11011 1101 0011001, 111001 110111101
00210111 11101-01 01001010. AlS Wij 10110 001000110010 hebben, 2000011 1111] ook: 210
je ’1 nu? 130 interjectae ΠΞΠ, 0000, 210, 00111111] 0110 101011 11001. 1Ῑο1·0011]κ011(10
1001010010 10011, (101 (10 010111 rid, οιδ 011 wel, in 11101011 (10201100 10. 11001110-
11101131( 10 1101 0011 00 000(10 0011011100 11011 11100100 ,,171710001100110110101110” 10
(1011Κο11, (101 1101 11101011 11101 1011001 010 1001111001 11011 1101 00011011 11100
1100011001110. Α

110001 00011 11001 0110 0110111110] 1101 0011001 111001. Ο111111001011 wi] 10111000, 200
1001011 11111] 110111 011 21111 1110010011 1(01111011. 1311 1101 11101111, (101 111] 1101 21011 (10
2111001131ζο 11101010 1000011011110100 110001 011 1101 0010011110110111100011 11011 0112011
00001 11101 0011000 0001011110011 11011.

ΠΙ. Waar nu (1020 2 010011011 010 1110010 0101100 (1101101 (10011, 110000 111011
10011 111 1101 000, (101 (10 010110 110011 0001111110, 110011 11101101110 10. Wij 1101111011
000 10 0110010011010011 1000011011 (1020 111100; (10 20011 011 00 01101111011110
(101 20011. 131] (10 sam-amentem 110011 111011 0020 01100100110101110 00111011-
κ011]1ζ, 00111( 21] 00 0011111110 11011 1101 000101110111 111 (1011 00100111011100. Το011
111001 001( bij 1101 Woord (1020 01100100110101110 111 1101 000 0011000011. 1101 000-
0010110, 1101110100110, 00 0011000, 0110 (1001 Woord 011 :sacrament geopenbaard,
111001 111101 11011 Woord 011 8001001001 0110010011010011. 1111001001 11011οο11 (111 11101
200 10 21105130 ἀλήθεια, τὰ θεῖα, τὰ οὐράνια 21311 110110001· 0111 100111011001ςο 01100-
Sproken 10 1111010011, 00011 11101 111 01120 001000110 101011; 0011 1101110110οΙ 10 01
11001· 1100010. Voor 0110 00110011 1101 101 (10 ἀλάληται, (10 01101101110110113110 01110011.
01120 1001 11011 11101 010 1100111110 01· 11001· 01011011, 010 11011 0011 011001 001100,
11101 0110010 11111]Ζο 11011 0111110. Gelijk (10 001000110 (11110011, 1101111011001101110100110

ρ

