90
0011000-0101001 van een der studenten (Dogmatiek).

11011101; 111001· 11101 κ011 il< 0010011011 0011 (10 (1111101-111021110, 00111 (10 110100111110 001·
20110011 0112. 130 110011 (1001·011100011 110011 011110 1010 toekomstigs 101 11001· object.
Ενο1111101 Romen 001001 011 110011 11101111 011010011, 001 011 1101 001001 011 00 11000
01111001’1111001·(1011]κ0 201έο111010 1101111011.

ι111101 11101-0111 10 1101 110010 (101· 110011 00 01101110, 0111001 0011 0111111110 b. V. zeker
111001, 001 00 110011 11001 110111 10 111100001000. Α110011 10 (10 0111101011]Κο hope van
111010 0001001110010 01110111ςο11]1(.

01101111110 (10 ἐλπίς (10 1111011111111110 10 11011 (10 1010011100110011011 1000011011 1101
110010 011 (10 100011, 11100101] 11110 1100101 1011011 Op 0011 1001ζο 11011 011001οκ00
111 (10 11011100 50111111, (110 0110 1110100 11001·Κο111011, (101, 11101011 1111] 111010111101110
00100011 hebben, 1111] 001( 01200 11101 Ηο111 21111011 110111001111111 1111010011.

Rom. 6 ; 4, ’5, 8. Fil. 3 : 10, 11. 1101201100 1111010111101· 001110021110 01100101111000111111.

1101 110110011 1111 101 (10 000011110 (101· 110111, (101, 0011]κ 1101 101 (100 Ηο0100 10,
0οκ 01200 (101 (101· 10(1011 21]. 1111111010, 001( 111] ]01100 1111100101] 110110100 00-
110010 1001011101 0110011 af 11011 11010001] 111 (101 11101110 110010 211. 1101110010
1101100100111 1101 101 11011 01 (10 100011. Ζο0 10 1101 001( 0111101010οΙ 111 (10 kerk.
We 1101111011 11101 10 00011 11101 0011 00101101, 111001 1111 00 1101001101110 11011 00
κεφαλή 11001 1101 σῶμα 1110011 (10 1010011100110011011 110011. 1301 1101 110010 nu in
heerlijkheid 10, 10 0011 (1111110010οΙ 11011 (10 1111110111011011010 11011 1101 Ηο010, 011
00110021011 Η1] κεφαλή 11011 1101 σῶμα 10, 111001110101 Η1] 00010111 0011 1101σῶμα
(10201100 11001·11]1(11010. 13001011] 11001111 Paulus 1 Τ1111. 1 : 1 Christus 201100 hope,
0111001 (10 ἐλπίς 111010 0110010 10 (1011 (101010011100110011011 111011101 110010 (3111101110.

111 001. 1 :5 11110101 11011 00 ἐλπίς 000111οκ00 010 11011 0011 ἀποκειμένη, 0111001 21]
00111110210 10 111 1101 110010.

13020 ἐλπίς 111001 11100010111 11101001] 00110111οΙ1 11001· 1101 1101’11100011.131111111
2000011, 001 111 011( 110 11011 Clu-istu& 1101100111 0011 2000011100 110111111001011110010
1110101, 001 1111 010 natum· (101 101001110011 21]11 11101 Christus 110112011 0101101011
1110101. 1310 Spes 10 dus 0011 01001100101011010, (110 101 00 natum- 2011 11011 61000
kind 110110011. 13001001 10 001001, 110011 011 110100 111 21]11 11100 00 noodzakelijke,
(10 0011001 1101111010 011 κ01οκ1011000101100 11111110 11011 11011001100111 11011 Christus.
Volsm-ekt 11101 11001001 1101 0100110010100 1101011101· (101 11011( 111 100111 00011,
1101111110111011010 001011011, 111100111010 2000011, 1101 21011 00011011 0011 2111001101. ΑΙ

0020 00000011 21]11 (10000011, 111110010111 111 (10 1110110011011]κ0 natum· 010 200001110, ῃ

011 010 0011 001( 111 (10 11011( 0111011011 0110011 010 1101-11100011 11011 00 1110110011011]1ζο
110111111; 111001· 20 1101111011 11101 1101 00001110κο 1101οκ101* 11011 (10 κ01’1(; 20111οΚ00
11101, (101 00 ken-k κ01κ is. WQ] karakteristiek voor 00 κ01κ 21]11 0001011100οΠ
(10 11000, spes 011 (1101-1100, 01111001 (110 1101 001100010110111100011, 1101 0011000101101
11100011 011 1101 consortium uitdrukken. 170110001- (101 Paulus 2001,1 001·.13:13:

’νυνὶ δὲ μένει πίστις, ἐλπὶς, ἀγάπη, τὰ τρία ταῦτα.

