38
college-dictaat van een der studentem (Dogmatiek).

Nog 1051 101· besproking 1101 (10100 punt: (10 actio Dei Trimeinspm· Mediatorem.
Wum· door (1011 Μ1000111111 1101 51101111110111 1170101 1110051010, 111001011 Wij 1111001
1101 11100011 van (10 51101111110111011 101 (1011 Μ1000111111 11021011.

[)11111100 15 1100010· 0011 mik torug 10 51111111 00 1511101.

1110111115 111105 111 1511101, 200 001( 15 (1111, wat 21011 51101111110111001 1111511101111111
0115 1700111001, 11101 wozennjk, 11111111 10015011. Ν()011 11110 1015 111 1511101 τὸ σῶμα
τοῦ πράγματος, 11110011 117115 01 00 σκιά.

Heia σῶμα 1(01111 00151 (1001 (10 Vloeschwording (105 Woords.

Nu 5111111 00]( 11001 (10 11101111111110 00 Ζο011 11101 (10 3111150110 5011000100, 11101
011( 501100501 011 1110115011 111 1011111110. Er 15 10005 0011 201(010. 111110, 11155011011
Hem 011 (10 1000501100]Κο 1111111111, 1015 wat 1101 5101·1(51 00νο010 1170101, 200 wij
01 111111 00111(011, 0111 (10 1110115011 1111111· 0011 1300100 (1005 15 005011110011. Mam· in
(10 11101111111110 gant (10 Ζο011 11101- (110 5011000100Ὶ 0011 111110 111111 171111 0011 1111001
1(111·111(101; 11101 010 5011000109 10011 vermaagsclmpt Hi] 21011. (10-1111( 0011 jong
1111111 21011 11101 0011 1111111110 17011111111050111101 (1001 10 1111117011 11101 wie vom· 110111
1101 11000551 5111111, 200 110001 001( 00 Ζο011 111 1101111111101111( 11101 (10 Ecclesia,
(110 Hom 111 (10 0111150110 5011000100 1101 1100051 5111111. Μ11111 0111 (110 Κο11( 10
1011111011 1111070111, 111001 H1j (110 1311110 2001(011 011 11110011110111110111111100011
1100011. Hoc. 1(1111 (1111 ςο5011100011ῖ) Dio 1111110 11051111111111101111011501101111(0105111001
011 15 11101 00 00110010 1105111111100 5011000100 170111711111. Hij 111001 (1115 001( 111 (10
111(“115011011,]“1(0 1111111111· iuga-an 011 11101 (1011 1015111115 111 17011111110 1100011, 11101 (10
(1100510 170201011 van (11011 1(0511105. 131] Zijn (1000 50111·1](1 (10 1111,1·(10,1111111,1’1)ῇ Zijn
opstanding 5111111 (10 1(0511105 11101 Hem 1111 1101 graf 00. Rom. S : 22.

Door Zijn Vleescmvording 110001 Hi] (1115 001( 11101 wat 111 1101 sacrament
kosmisch 00110001, 11101 11711101, 111000 011 Wijn 111 11100011.

Κο111011 (10 51101111110111011 01 5110010 of 001· 111511111110110111 2>

Do 0111001115111115 legt 01· 111101111( 00, (1111 20 21111 „van God ingosteld.”

Do regenboog 1(01111 1711112011 011 1170101 00151 10010117 (1001· (10 111111111021110 (1005.

Mam· (10 51101111110111011, 1100117οΙ (10 0101110111011 1111 (10 5011000100· 21111 0000111011,
worden (1001· (10 5011000111ξῇΓ 2011 11101 0001001100010.

Em 011111101· 11711101, 0011 5111001 111000 011 0011 1105011 wijn 111111(011 nog geon
51101111110111. 1101 51101111110111 1110101 00151 (1001 (10 111511111110.

111 (10 5011000100 21111 01 01·(1111111111011; 111 117111 (111111 11’(»1·1(1; (1017000100- 111110115
110111111111, (10105501111111 171111 (1011 (10151, (10117115501111101711111101110111111111 21111 010111111111011.

W'att 111 1101 genadevcrl>ond 15, 1170101 111 11015(-1100011101511011( 111905011017011,
110001 10 111100011 (101· 5011000100ν 1115 0011 111201111011111( 1015 00, 15 institunt.

sac1u111<=11t<211 1011111011 01· (1115 11101 11051111111, (11111 1011001101ςο 171111 0011 00115111-
111110 Μο011110115.

1100 1111 111111 (1011 (11(- constitutio 01111115 0111101111)

