„De constitutio 600166166 1161 10 06 060161611 (1006 111 200116116

1θ 1161 0661011 061 6160116 0606611 611 6601111361, wat in 1161 66006
humanum 06 kern 16, 016 06 1066 11001 006 66616001 10 absolute 1101-
10011116 11611 116111611610 611 610116 261 166116661611,

2⁴³ in 1161 0661011 6116 060611116 1161 17001· 06 0166016006 11610100106611
der 111611601111610, 661131( 016 111 (16 0611( 111061611 0110001611;

3Θ 10 1161 0661011 6116 060611116 1161 van de 660606111761010660 611
661160611110061611, 016 011 1161 17610011160661106110111600111 06 0611( 11106160
00611 0110001611, 26 111 616110 1100060 611 101 11661 006161006 1610611.

111 062611 2111 6611011160, 11011111 26116 06 001161110110 Μ6016101·16 61601116
6611 000610661 11611 06 00061110110 600166166. (1611661 6610006610 10 06
0611106016 17611 176061, Ζο011 611 11611166 016661, 16 001( 06 0611( 111 (3·00,
661 26 0001· 1161 0006 6)(6006 11661· 001160 116601, 111661· 000 6162611661
001160 116601, 111061 06 066011001111116 061 0611( 611006 01100101661 van
060 Vader 01166611, 0111 10161 06610001 111 06 001601’0110611]1(6 6011600106
van 1161 661106 1100160001 11661· 01166116600111 16 17111060.

11161011 1710611 1617606 170011, 061 06 0611( 200 000 16 616 006 111611-
601161110 666160111 611 061 6106 11001616111116 111061 6166606060, 61601 06
0610 66161 11161 ‚Iohannes (1611 Dooper of 000 00 0611 Ρ1006161066 gestient
1711616. Geen 0066110111( 16 06 0160601111610 2011061· 0611( 06000661, 20011110
616 06 11100111 2011061 kern of 011. Τ0011 61160606 0626 kern 66161 1161
06066106 06160161· 17611 0610 116 (1611 1161 000106 genade 6611 Αο6111
0611176260 611 00 Abel en Seth 01161660160111, 611 16 011 60601616 06160161
061· 0610 1160611011, in 200116116 1161 116 0611 00106616066 111 1161 Regnum
gloriae 011616661. 1316101 1060 0661611166611 060 1166111 17611 ,,1(61·0” 001(
011 101 1161 Regnum gloriae, 0611 06110011 001( 16606 06 066 6660116060
1116116011 17001· 060 1761 111 1161 06160136 61 106. ,1016161 1611610661611166611
de 0610 616 200061116 66161 116 060 1161 16 161611 001160611, 60 116 den
00106616066 111 1161 λαὸς τοῦ Θεοῦ 16 161611 0066611.

Deze kerk 1160 6601160061ῇο 66611 616611 forma, die van het gewone
menschelijk 1611611 00061600610611 11766 611 16606006 21011 6116611 af door
groep 166611 61060, 06 8611116160 1666001761 06 Κ6111161611. Zelfs nog in
Μ61011126061( 16 (16 gestante der 0611( 11161 (116 17611 1161 0016611617611 den.

