16
college-dictant van een der studenten (Dogmatiek).

5011611. Η161111 1161 06 111111011116616 166611516111116 11161 het 0011661616 1(611(1·60111.
111 011 1(611(160111 10011 21111 (16 56611166Κο111611 11615011611 11161 66011611006610; 111-
1161 011115161111(6 1(01·1(160111 111161. 1)6 001166161611 1(61111611 51601115 6611 11616611161116
11611 1116115011611, (116 561116111(0111611 11161 6611 1161166111 (1061, b. v. 6611 5011611111161·-
6611161116 6112. Μ611 ](01111 0611 661111011016 56111611 615 persomme. 130011, 111 06 ἐκκλησία
116601 11161116110 op, dan (116 6611 (1116111611 116211. 111 15166111165 06 (1116111611,
111611(6 (16 11615011611, 016 561116111116111611, 1(61111161·1(16, 061 zi] 11651160611 11161611, 611
011061 1161 Ν161111116 Τ65161116111 15 (16 (1116111611, (ἰαί (1ιῖ16611 10606196ὒο1011611 50111611-
Ᾱτο111611. 6161111( 6611 511106111611-001115 66611 111116 1161661116111615, 111661· (16 11615011611,
016 61 106 11611001611, 611611 6611 (1116111611 1161111611, 11.1. 061 21]· 615 student zijn
1116650111611611, 200 001( 111 06 1(61·1(; 6116611 516611 (16 ἐκκλησία 611 21111( 6611 001115
11161 6611661 011 6611 11]·11, 0111061 11116061661101611 16 11110106111116161116116111611 0611 wil
065 1116115011611. 111151 011 15 111 06 1(61’1( 1161 616611661016 1(6161(161, 061 111611 016
(1116111611 116611 0101011961.

De wala aelf.

De kerlc is 96011 1116111110 5011611111119, macw- de reconstttzatz‘e 11011 6611 zrroeyer gyeheel,
dat verbrolcen werd. In 0611 610110 (161· 2661( 516611 11161116116661101161 06 Μ611110·
11161611. Hun dwaling 1161 11161 2002661· 111 (1611 00011, 0611 660, 6112., 111661· 111061
0161161 66200111 worden 111 6611 11111101111661 1111111. Η61 1300116150116 51611011111112161
111. 111 06 0111·1516111“1(6 1611616 6611 nieme& sclzeppzfmy, 11161 661111615011611111116.
1161 01110611]1(51 1(01111 (111 5161101111111 1111 111 111111 (3111151010616, 611 0061 21011 1161061·
01) 6116 6611160 1(61111611. Ζο0 001( 11161; 06 1(61·1( 15 6611 1116111116 5011611111116, (1001·
Christus 111 1161 1611611 6610611611, (111]’1161106 615 6611 01160101) 011 1161 1116161. 1316
Α116116111151150116 0111611116 116611 11161 6116611 6611 116501111115611111 06 Μ61111011161611;
111661 1166150111 111 06 116616 Τ116010616, 110012001161· 20 van (1110061151116 11116661.
111 06 11111116150116 1(61·1( 261 111611 1161 01106 Γ1165161116111 16121]; 1161261106 00611 06
(1100106615 611 8111116-116111161151611. Op 016261106 11111 1161 06 1106 616611166116
0111611116, 061 06 1(61·1( 01) 0611 Ρ1111(5161066 2011 6651111111 21111. ’166611 0626 66116616
11001516111116 1161261 21611 (16 (161610111166106 116111061115, 611 11161111 0626 11616-
61661 662660 15, 11.1. (161 (16 1(61·1( 200 0110 15 615 06 11161610, 111066 1615 1116111115
5011111160, 111661· 15 10011 1110610660 111615 (1611 06 01106 (161610111166106 0611106015.

136 061601115111115 2661 0611 001( Ζο11066 21: „Dat 06 Ζο116 6005 van 0611
1166111116 061 11161610 101 6611 1161 611106 21011 6611 66111661116 1161660611.” Ook 06
Confessio, 1661 66611 611061· 661111661115 af. We 162611, 611. 27: „Deze kerk 15
661116651 van (1611 1166111116 061· 11161610 af 611 261 21]·11 101 1161 611106 106.” 01126
116061611 111·661(1611 (1611 001( 01161 „de 1(611( 111 (16 ask, of 111 06 11*065111”11” 6112.
1311 06111(116610 nu, (161 06 1(61·1( vanas (16 501161101116 11651661, 15 (16 11666116 van
(16 Α116116111151150116 11001516111116. Bij 06 1110061116 11160106611 15 061 Α116116111151116
(16 6611166 1166111610. Dat 61 6611 01111516111116 1611616 2011 1161111611 1165161111 11100115

