150
college-dictam van een der studenten (Dogmatiek).

Op 05 171555, 01 10 1151 N. T. 17511 1000510001) sprake 15 01 11151, 1751171752511
01125 17505150 551115501111( 0551- Αο15 16 ; 14, 15 511 333 18 : 8 50 1 Cor. 1 : 16,
1511717111 men 510115 51“50111511155105; 515 1151 551717001115 171755 5511 55050111101555210
15 00011511, 200 201150 er 001( 171751 10005150 bij 21111 5517175551. Α1 15 1151 we]
117551’50111101111(, 51511( 15 550 1051717115 5 51150110 110011.

Μ551 171751 17511 1111 0525 1115515511 55115 500515 00110111515 15 11·51(1(511. Α15
15111500 101 551001 1017175111, 200 171751050 5505101105 hij 511 21111 55050115 111115
55000111. Tot 5511 huis behooren 111511, 1710111717,1(111051·505111050150050. Ν11 waren
015 51150 1151-11011111( 11151 550510005 101 551001 55Κοω50; 111551· 10011 1717510511 25
55000111, 1717111 05 5110515150 0115111550 1750 05 011051515111115, 051 God in 051
1101555210 1105 111551 11111751·1(01’51150 hebben 2011. Ζο0 1111 15 011 550 51511( 1151717115
17001 (1511 1000510001). Οο1( 11151 Abraham worden 11151 511550 21111 10005150,
111551 001( 21111 51517511 1155050511. Dus 11151 111051 1151 5115011151( 10 05 55000115
55200111, 515 1717515 51 550 515115 1151·50115115; 111551· 111511 111051 11115550 1750 011
1155111551ι 1717551 God 5511 117511( 11551111, (1551· 251 Hi] 1151 001( 170011.

001( 111051 1717010511 55151 17001 0525 0111555115 op 1 Cor. 1Ο z 2.

In 0511 00015505 0001 05 110005 Ζ55 511 111 1151 00015550 011051 05 1717011( 155
5511 170015150115001717105 17511 0511 0001). 13525 1717510 1055501500 550 1151 55050115
17011(, 001( 5511 05 20155110550; 001( 011 (1525 praefiguratio 17511 1151 5501501501
15 0115 101 (1511 1000510001) 15 1055101150.

Dat 0175115505 10 1151 N. T. 1717511115 55171755 17170101 5511155103 17511 1151 0001150
1750 1(151115 10005150 115511 5511 05111111’1111(5 00125510 We] 17170101 17511 (15 5110111105
051· 5510550150 5550100511, 111551 0115 5011151 111515 17511 1151 17510515 1517511 051
1(51·1( 105055505510. Ζο0 1(511 05 171555, 01 550 0551115 55100150 10005115 001(
55000111 1717510, 1110511111( 5511 50117170010 111 05 11511155 80111111 17111050.

Dit 51750171751 15511 0115 (15 111510115, (151 001( 51 111055 1151 21111, (151 1050 50105
11151 50 0551· 151171751 0001151500 01751 (1511 00010 115511 55050111, 10011 05 1115511105
175111 11511, 015 0511 1000510001) 11000251(51111( 501111511, 05 0175111500 115511 1151100050,
511 (15 000501501150 051 51105150 51 111551· 17511 00551111( 21111 0175110150, 200051
51· 1(01·1511 1110 na 05 5110515150 111 (15 551150115 0111151511105 1(51“1( 55511 1751501111
1750 10550105 111510111115111 111551 13551000.

De Testes.

1151 55111011( 1750 5511115511 bij (1511 0001) (1151515 511 11151515) 115511 10 05 001· x'
spronkelijke 011115151111(5 1(51“1( 5511 2551 11511101·1111(5 00125151( 551150. Volwasse- '
1150 1117175111511 21011 551101511511, 0111 55000111 15 worden. Vaak 51510511 052511
55101550, 511 171751 0111 117175551151ῑ 0111 55175511750 17511550 511 1751170151115, 50
0111051 05 0001151105 01555151 0011505110 was. De 111-050515 5511115050 050, 051 1}

200 15111500 11151 550 511100 171755, (115 05 0111151511511 200 5501715550 bij 05 01751-
11510, on 001( 051 (15 (1001151105 111111 10515110 was, 551001 1751015005, 511

