107
college-dietam: van een der studenten'· (Dogmatiek).

1116661 611661611611 (11611. 8 ; 6, 12). Toch 16 (111 1161·1(661(1, Wijl (16 111611116 van
Christus in 1161 111-16616166111111 111 (16 11611166 86111111 111 166611616111116 11161 (11611
111111 1161 1161-6111611666 111-16616166111111 11116161 661661(611(1. (Helua 7 : 16). En Waar
(16 111166161· 111 1611161 21111 611161 (111111(16 111111 21111 6116616, uit wie hij 661( 1161
111-1661616611116 had, 266 611111 (1626 6111111161 11161· 11161 (1661.

13111116111 16 1161 116161 16 1161-16111611 111 11611111116 11161 1611. 10, 11111111 (16 (1666
111111 162116 111 11611111116 116661 11161 21]·11 1(6111611 111 1161 111666611.

· Op 1111166 heeft 111611 1166 1616 11666616 (11111 6611 1(6111116, 111. 6611 1(61261·. Τ6611
11661111 (1111161116 21611 611 1116161 Hij 11116611 6611661116 ,(16 βασιλεύς.” 1311116611
11111111111131( 1166111661116. Ε611 1(6111116 16 66 1611166611111111 211116 11611(6, (1661· 661111616
van 111111611111611 2111, 611 (1661· 1161 11666 662116, (1111 21111 616116116616 1111161 111 (16
· 111111611 211116 volks. 136 1(61261 6116111116] 16 661111611616 imperator 111111 1161 16661.

Nu 116611 God (16 11161616 611 6611 1116116611 6666111111611 als 21]·11 11661661111111111,
21111 11]Ἰ(; (111 6111166116 616111116611 6611661 111116 1161 (1611611116

13661· 1161 1111(6111611 111111 (16 261166 nu 1116161 6111(16(161111(6611161(61161161116111111
61 1161166116 111111 1161 111611661161131( 662116 op 1111166. Η61 16 6611 6611616 (161 261166.
136 661616 1111661111 nu 16 6111 111111 1161 6111166116 11161166116111Κ6 6661116111 6611 11]·1(
16 111111(611, 1116111111111 61111111 1(6111116 2611 21]·11. ’1161 11611611 166 11116 111] 1(6111111(1ῃ“1(6
111116111, 1166166 1166166111111111] 111 (16 111111611; 11111111· 16611 6611 61116(1611]“1(6 1111161111.
Β111116111 11661 111] ἄρχων, 11161 βασιλεύς. 136 2611(111κ166111661(1 21161111( Mam· (1111111111
11661111 6111 pogen 111661, 1616111 (466 111] 13111161 1161 1161-1116661, (1661 (16 1116661111(-
11616 61 166 111166 16 116111611; (16 661111616 werd 61111166611]1( 6661· (16 6616161116.
Van 6111 66661111111( 111 16 1161 1116661116, (1111 61· 11661 1(6111116611 21111, 11111111 11161
111661· 6611 1(6111116. Ε11 ι111161 (116 1166111616 (1611(6111116611111661116111661111111111111111611
61611611 111111 6111 66116 1(6111111(11]“1(, (1111 (166 61611611 2111. ’116611111616611 611166
1611(6116 [1661116611 111 1161 111611( 6661616. 136 661161(6111116611(1(·1’11161·Ῑ11(16111111661611.
En (116 1666 1(111111 111 1161661· 611, 161 111611 6111661111( (16 1(612611(166 161161, (1.111. 2.
111611 111111 (16 11611(611 11661· wat 26 21111, 11111111· 6111111 om {tl 616 volken 6611 11661161.
136 116611111111116-1666 1116161 6666661166, 111-1111111611 2661(111116611 11111116116166111111116.

13116116661161161 1111 1(61111 1161 βασιλεία τῶν οὐρανῶν, 11111111111111 16111616 ν611(66111111
116611166161116 16. Saul werd verW0rpen, 61116111 111] 111116 6611 1(6111116 „als (116 (161
11116616 11611(611.” 1311616661· 11611661 1611161 21]·11 6Χ(’(Ἷ111611661611661116. Μ11111· 13111116
111116 type 111111 (1611 1(6111116 111 1161 βασιλεία τῶν οὐρανῶν.

16 1111 1161 βασιλεία τῶν οὐρανῶν 1161261166 1116 1161 βασιλεία τοῦ Θεοῦῗ· Ν6611,11111111
(111 616116 11611161· 1161 661111661161116116, 611 1(61111 66116 161116 111111 1161- 611166 (161
dingen. Maar 1666611611 1161 1111166611 111111 1161 6611-11661161116116 611 1161611166
111161 (111166111161 1161 βασιλεία τῶν οὐρανῶν 111 6611 11116611611616 1166111611, 111. 66161
σκιατικῶς, 1111116611, 611 (1111111111 16661. Ν161 6611 koninkrijk (1116 111 (16 11611161611,
11111111· (1111 nit (16 11611161611 16, doch op (16 1111166 666116111. 116116 266 61611(

