122
college-dictaat van een der studenten (Dogmatiek).

61(- van 1161 26661, 6111166116 61111 66 11611166 86111111, (116 (1611111661 (16 111661-6611
:mn 611 σφραγίζειν 1162161. ,1611 9 ; 7, Joh. 6 ; 27, Rom. 4: 11, Rom. 15 : 28,
2 Cor. 1 ; 22, Es. 1 : 13, 4: 30, Op. 7 ε 2, 9 ; 4.

Vol& (1161· (1111616611 11161-(1611 166611117661616 266 1761616611, 1116 117616 61 17611 6611
11176666 66611 1161(661·1116 611161(6; 11161 1161 666161116111 111661611 26 6611161· 111 1761·-
1111116 6611166111. Ν161 11111111111111( 6611 616 161) 9 ; Τ, wazu· 171111 (16 confirm-atie 661·
61611611 sps-ake 16, 616 Joh. 6 ; 27 1161111611( 2161 op (16 1’661“666(’111’61ῑ611 116611, 616
J 62116 11161 ἀνάγκη 1161166611 1Ἁ6661, 1111161· 11161 17616 6116616, 11161 11111116 Rom. 4: 11.

136 66116 171111 (16 σφράγις 6111166111 1116111611 6616616616, (161 26116 116161611 111
(11611 1116 11161 661111117611 16116611, 266661 26 111 11111616 van 6611 1161161661ζ611111611-1111
26661 66111’1111(1611. Ζ66 661( 261 Christus 616 Hoofd 661 6616616116 1161 26661, 611
(111 11116611 ν61166611.

1176611661· Wij 2666611; „Christus 11617661161 1161 661661 (1661 (1611 66611,” 266 16
(111 176116 111166(11-111(1. 1111111616 116611661 (11116611 1161766116611116111161. 136616111 111661
1166666611, 11161 Ι,(16 1161166166 11713267 16, 11766161) (111 111] 6611 (16611 6666111661. 13626
11661661 11161111ε 0116 6616615 116611 6611 1116661161 1(61·61(161, 6611 11161171611661 611
6611 661116611661161111611ῙΚ. Α611 1161 111611116116616 (1661 (16 66611 111616, 1116611111]
schakelt 6116 6616616116111116121111 6611 1161 661661616ν611 van 1161 corpus Christi.
136 116176116666111 17611 (16111161166111 16 (16 11611166 616661, 11161 616 117666111616116, 111661
616 1111661161166 111 1161 1116116661. A] zijss Wij (1116 1176661661161611, 26611166161111111]
16611 661( 6611666161611 worden 6611 1161 1116111111111 van 0111161116, 61)(161616116116116-
666111 661( 6116 (16616661116.

Η61 6616616116111116121111 17611 (1611 11766616611616116 1116161 111266 111 66111661 gebracht
11161 1161 661661611611116121311 (161 6611611, 1117661111 (16 11611166 (16661 (16 11661661161166 16,
2666111 hij 1111 661( 611661 (11611 1161116611 (16661 (16611 (1611 6661) 66616161176161. Η61
66166161161117116121111 61661 1111 11161 111661· 6616616616, 111661 111 661116611661161) 11161
(16 66111111111116 6111161616111.

Μ611 1(611 21611 6611 616616 16111161( 66111(611 11161 61161161 1117611(11116611 ; 266611,1161611,
1111111616, 1166161116 6111 11161 6166111 16 1117616611 6661611611. Ε1 6111111661(1 6611 616
11161·1(11116611 111616, 661( 16 61· 6611166116611611 11161 (1611 61666116161. Μ1161· 6611 (11116
6111111·661(1; (16 (1111111661 111661 1166 6111 1161 117161 van 1161 (11131166 661666; 6611
66161 1(1111 111166 6666 1176111611. Ζ66 661(; 11761111661 1611111116 1611 66611 1(61111, 6611 Ι
116116611 111616 1116111116 16 worden 66116611166111, 1116111 111] 16 1176661661161611, 611 .‘
heeft (16 116116111111116 6611 Christus. Τ6611 61661 hij 1166 6616616616, 6111661111]
11161 (16 1617611611611661116, 616 111 1161 bewustzijss van (16 communio sanctorum ,Ι
16, 1166 66611 66111661166111111 heeft. 1116111· 1111 1(61111 (16 (16611 611 wordt 66 drijf- ἶ
10116111 (1. i. (16 Η611166 (16661 661( 111 116111 1116611166111. Of. Es. 4: 16.

136 Η<·11166 (16661 1176161 (1661 (1611 (16611 6111176116611. Ζ611661 (161 16 (16 doop
66611 (16611. (Μ61111. 3 ; 11 6112). 111711616111116611 6611 66 Κ611( 6661116116611

