615
college-dictam: van eon der studentem (Dogmatiek).

(161· 1(611(. Op 1161 1661111611 (161 1(611( 2161 veel 111661, (161 (3111161116 (16 Koning is
2111101 Κ611(. Hoofd (1661611166611 16 veel 111661· 6611 01661116611 (1611 6611 16666-
111166066111).

111 1161 1611, (161 1161 σῶμα 6611 1100111 116611, 1161 111166ᾶ1111(1, (161 1161 6611 σῶμα
vam (16 11006616 60011 16. Ε611 1100111 116611 66611 κεφαλῆς 111661· 116111006616 σῶμα
116611 6611 6611111161 punt, (161 1161 116616 016611161116 1161166166111, behoudt, voedt,
1166611611111. d

E‹,1÷rst 111 (1011 1116116611 1111 1(01111 (16 κεφαλή 101 volkomen 661111616 ontwikkeling‚
611 (1111110111 16 (16 1116116611 11661(1 van (16 66616616. 13626 6661161116 1(0111111611111161
1111 111 1161 017611116611161111( 016611161116,1,1. (6761111661 111611 6111·661(1 van 6611
1ςο111116 111 verb-and 11161 21111 volk. Ook bij (16 menschen (1116 16 (16 66ᾱ661116
1161 (1161161 011111(11(1(61(1 111 (16 ον61·(11·6611161111(6 2111 van κεφαλή. Η61 61161·17011(011161161
6611161· 1161 (111 1166111) 111166(11·111(1 111 (16 1(61·1(.

11626 66(1661116 (11·111(1 61200 1111, (161 (16 1(611( 11161 6116611 16 6611 11111166, 111661·
(16 11111166 van 6611 1(611116 fijn bewerkt: 661111661 016611161116, 611 66161 111 1161
1611, (1111 (111 016611161116 6611 6611111161 Caput 116611, vindi: (16 11111166 (161· 1(611( (16
21111761616 611 1101616 1111(11·111(1(1116.

3. De Unda& ιἠ, Spiritu.

Ook (1626 11111166 11101111 (1111(161111( 611 11161 1161116111 (16 1161116636111111 6616616
616 6611 2661( van aanbelang„

Es. 4 z 4. 11161· ν111(1611 we (16 (1116 (16111(10661(1611 van (16 11111166 corporis, capitis
61 6111111116 6166111111( 1111 61161111· 616611. 111 vs. 4 ’ἐν cesum: (16 11111166 eorporis 611
’ἐν Πνεῦμα, (16 11111166 6111111116 611 111 vs. 5: εἷς κύριος; (16 11111166 capitis.

1 Cor. 12 : 4, 5, (3, 21611(16 011 (16 666611116616 66111161(1 111 1161 11762611 (161· 1(611(
2611 66166611.

1 Cor. 6 ; 17. 161161· (116 6611 (3111161116 1(1661’1, 16 6611 (16661 11161 Hem, 11.1. (16
(316661 111 (1111161116 611 111 0116, 16 6611 (16661, 611 11161 111766.

Rom. 8 : 9. Gewoonlijk verstaat 111611 (1626 1170011161] ν611(661(1 611 oppervlakkig.
Μ661 (16 2111 16 (1626; 111 1161 1161166111, (161 111661· 6611 1161166111 16, 16 111661· 6611
6(16111. Ηο01· 11( 101 (161 1161166111, (1611 111061 (16 6116111106111, (116 111 11111 16, (1116
(162611(16 6(16111106111 21111 616 111 61 (1616(1611, 611 (1626 6116111106111 1(011111111161 Hoofd
101 11111116. 1161 11661 1(111111611 W& (111 1761661111(611 11161 (1611611611161111(6 1116111116. De
2111116101, (116 we 1116(16111611 16 1161 111·611(1611(1, 1116111116 1(1ν661(611(1 6161116111, 611
117661 11( 1111 1176111116 6611061 111 1111111 1161166111, 16 (1626 6116611 (1001· mijn 6(1611110(·111
111161· 1111111611 66611611. Α1166 16 6611 met (1611 6(16111106111, (116 door 1161 hoofd words,
111666(16111(1. Ε611 11166261 116611 1(611 11( wel bij (16 1(661161 1161111611, 111661· 1161
161161 21111 11161-11116 11111111161111661· van 1161 σῶμα. De Warmte, (11611611161166111 261
Κνν661(611, 111061 1176111116 21111, (116 (1001 (1611 11(16111106111 van 1161 hoofd 16 1111111611-
6(,·(11·0116611. 111 (11611 66661 111061 (1026 11161 worden verstaan: indier] jemand

