77
college-dictam van een dor studenten (Dogmatiek).

zing 6611016116611. Maal 0011 11611 26 111 κατάκριμα 0116166611, 101 6611111116 11610611,
6611311 (111 1161 661161 16 bij 06 1160611 11611 06 11161610.

Derhalve 0626 0116;

1θ 06 κρίσις, 016 111 1161 11611 1116661, 16101 101 2611 0110616011610611,

2θ 200 Wij 2611 11161 0110616011610611, 1101111 1161 κρίμα 10011, 111661· 616 0010661,
611 61161, ’1 6666611 0116 611 00611116160611. Maar 26 116611 0011 6611 11611166 0600611116,

36 (16 κατάκριμα, 016 01161· (1611 κόσμος 6661, 611 01161· 06 11111116110166 1106166, 016
21011 116111610611 166611 06 κρίσις 11611 0611 Η61116611 06661.

Η161· 16 1161 1100016 6611 1116111 1111616016 16 00611 11661· 0611 1100. 06 Νο11166111116.

In 06 1611102611611610, 611 111 06 6610112611611610 ziJ'n 61· 11600611.

’ In 06 2611611 1111611611 6611 06 116111611 Van Κ16111-Α216, 611111 06 Β6161606 1110101
1161 0010611311 661661·0; 2 001. 5: 10 61161166116. En 0011 101 111 06 1161 6661 06
661601111611610 0006 (1001.

Ν11 0011 06611301 111611, wat 11161 011 κρίμα 11161· 0600610 1110101.

Ε611 11610611, (116 110011 van Christus 66110010 116611, 261 11161 200 2111166166001-
066]0 1111010611, 616 6611, (116 we] van 01111611161100106. ,,Η61261Ν11111166118000111
611 Gomorra verdragelijker zijn 0611 11116061137

Wie 6600001 16 611 1161101611 6661 261 2111661061 0010661 0111116116611.

Wie 11161 061111116111610 1161 Α110110111661 60061101, 1161616611 06610001· zijn
eOUWige not'm

Hei] ἵνα μὴ σὺν τῷ κόσμῳ κατακριθῶμεν heeft dus ΨΘ] bet} Okkmg op 11οἙ ῙὲιὶὶΐῑΞἘΘ
0010661, 111661· 00 1161 6006660116,11161 00 1161 01111010616.

Μ661 11616111111001061111111610 16 61 11001 6611 11610611,111661 0111·’161116 11611116
66016111, 0611 1111661 016 11161 16. Η61 0010661 16 6100161· 11001· 11611, 016 1111111611016
111 06 Κ6111 21111, 616 11001· 016 61· 01111611 616611. We] 11111111611 26 61· 111616 6611
00611, 061 26 6600001 21111, 111661 2661 06 Schrift: εἰς τοῦτο ἐτέθησαν.

Κο111611 11111] 1111 111 0611 1111116 061 0011616111116 Kerk, 200 11600611 1111106111· 6611
dUbbe] κρίμα; ΘΠ wel:

le voor 116111, 016 1161 11161 6601111111, 111661· 1161 wel 660111111611 1110661.

2Θ 11001· 116111, 016 1161 6601111111, 111661 11161 660111111611 11166.

1717666116 1611016611116 610116, 611 1111666116 1161111616] 660111111.

Waarin 0661661 011μκρίμαὶ>

In 1161 1666110661 van 06 11111001 11611 1161 660161116111.

Ζο0 1161 1611 0010661 16, ’200 60116101 1161 111661 11611 0111161116. 17001· 11611, 016
11161 111 0111161116 21111, 16101 1161 101 1161116101116. 17001· 11611, 016111 0111161116
11121311, 116611 1161 6611 61660 1611 66110166, 61161111111116 11611 0616116116661116611601160
11161 0111161116, 11616011101110611116 611 01110160611116.

Waarin 10661661 0611 00611161 1161 611601 van 1161 sacrament? Η61 11611 11161111
1111160116 quid 06616611, wat 1106 bij 0111161116 0111101111. Want 111 Hem woont 61

