53
(1611666-111616613 van een der studenten (Dogmatiek).

Μ661· 0011 ρ1·666111661·611 26 21011 616 601166661611 61066, 111 11116 God 0116 161616
2666611 116611. Το1 (16 6661101116 (31066 111061 (1116 1611166666611.

(106 60116111 11161 66161, 0111 (1611 6611 1161666011696116 66 6661101116 16 011116611611.
Mam· 66161 116611 Hi] (16 116111111616 6666011136, (116 Η1] 1661166611 611 1116011111113 111
1161 2101110616 0166111111.

Μ661· 616261166 (106 11611011661111 0011 Ζ1]116 6661101116 111 6611 01121011111661· 0166111111.
01126 2161 16 0011 6611 01061310 1361. ,

’ Α16 (106 1111 (116 21011110610 611 0112101110616 (11116611 1166 666011611611, 200661 111
6111 6611 6120116611ῇ116 6611601116 111166 661661166616, 200 1111616 61· 66611 1161136116
11166011611 116166. Mam· 2161 611 1101166111 616611 11161 106 1166616111661, 6611111
(1611111111 111111. Η61 1101166111 16 111661· 111613 6611 2611, 6611 10661661 1111661111 (16 2161
16 11166261.

Ν6611, 61· 13661661 6611 01661116011 rapport3 26 10011611 parallel.

136 1361101161111116 (161· 6666011161] 111 (16 2101110616 611 0112101110616 6011611661011
100111 9661666111126.

- Ε611 261166 666601116 (31066 111101616611111661601116116011,61166111166111116111116116011
661661166616.

1116101) 13611161 6116 symboliek.

13626 best-(mat 11161 11161111, (161 111611 1111166 (11116611, (110 op 6111661· 6611311611, bij
6111661· 1)161161; 661 16 ’6 1116116011011 1111116161111111011611. 136 61)6011116 60116111111166-
61111111011611 16 11161 ἀνάγκη, 200, 661 61· 6611 61116116 (1011616111 66 ὁρατά 611 (16 ἀόρατα.
Nu 16 61· 6611 6066611111 lexicon, 1111661111 66 1161101111116 11611 (116 106166 11611
1111016611 0666200111.

13161161 111611 1111 1116161, 111006 611 11111111 11661· 6611 11111161010616011 laboratorium,
(1611 1101161 111611 21011 (1661· 111661· 11161 6611 1661 op.

Μ661· 111 1161 660161116111, 1111661· 11611 11613 rapport Sprake 16, 1110610011 (116 6666-
16111116 6111111101160116 1161-101111116 1111016611 66110111611. 1361110111 21311 26 11161 6116611
0111 66661611 16 1111016611, 111661· 0011 111666111661611 26 21011 616 606661ῇ11 06616·
60111111, 1111661111 (16 01121611113116 (1066666601116 1161 1111666111011611.

136 666616111116 110661116 611 110161121111116, 611 (16 11011611161ῇ116 21111 111 (1611 610116
6611, 111661· 11661· 611661611 1116616161 6611161611.

111 (16 111116666 1116616 1111 1161 rapport: 11611 6626 6161116111011 ceam creatura.

13626 6161116111611 1166611 op 11661· 13111166 2116611. Μ61 1116161· 1111160111 111611 21011,
111613 111006 110661 111611 21011, 11161 Wijn 1161·111·0011]111 111611 21011.

Α16 1111 66116 6166111166 616 660161116111 1111616611 666611611, 616 6111111100] 1116111611,
(161 (16 116616 01126 1016616611 16, 26 20116611 11161111 011611166611, 0116 1116110661116-
11611, 111661· 611006 01111011 0116.

Α16 6161611111066 0116 1111616 6611661106611, 200 2011 1161 11116161116 1116111161] 611 11613
11611 106611111611.

