5
College-dictaat van een der studenten (Dogmatiek).

1111 21111611 166(1, 111166111001· 111 1161 1111611( (161 8611666166 (16 fundamenta 11161-611
666611611. Dit werk (161 11616611666166 of 66116(16 11611 11116611 111 2 610016 (1661611;
1161 06]·66116116 611 1161 6116366116116 (1661; 0113661161, 66161( 1161 111 Christus 61111611
0116 66111161661ᾱ 11101111, 611 6663661161, 661131( 1161 111 (1611 6111(6166 66160011 66166-
116661·(1 11101111. Ζο0 krijgt 11166 dus: (1611 Locus (16 111661116110116 Verbi, 611 (16
Β6661161611066 of (16 Salute.

Hiermede 611 16 1161 610666 1106 11161 1611 611616. Η61 1111611( (161· 116166116661116
16 66161 6166100666, 616 wat van 21111 6166(1 616166, 111661· 1611166660661116. Η61
τέλος 16 dus 66161 66161111, 616 (16 66116616 11611601116111116 11661· 611616 116611 611 (16
6611111166 11661·1111(1161(1 1116661.

1)626 (1116 011(161ν1161·6611; (16 Ε6616616, (16 Μ6(1116 (1161166 611(16Νον166116162611
(1116 01616111661611 11611 1161 6666666611( Α16 (1001· (311116111611611161116 661116ᾶ661ᾶ,
611 111 (166 6116616 (16 1(1661 (166 16116116 16 1116661661, (1611 61061 (116 1116111 1106
’0611166666 101 666 616111, 1111661 (16 111116111 6611 111666 261. De beschouwing (161·
Κ61·1( 111061 (1611161116 001( Γ13116010616611 6611061611, 616 6611 (1001 (10(1666111161
instrument, Waardoor Hij 1161 1111611( (1611161661166611166016611661 1666616661,
66111 1111616661.

1)11 (1001·10061 3 616(11611. 16161616ῑ

10 (1061 (1011, 11161 111 (166 661(616 16 11166616111, 0166616611 1111606161116 (16
66616611661166 (161 heiligen: (16 2161116616 Κ61·1(.

2⁶³ Gsod 6611166 (1611 1116116611 11161 6611 266 611 661166111116121111. Α1611116 ’1616111116
1611611 0111616611, dan 16 1161 6611661266 611 (16 1611611661661·(16 66(1(1166, 111661161161
1111606166 16061. De Κ611( 611 16061 111611111116111 21111, 1166111001· (10(1ᾱ611616116611
101 61661· 6661161266 1(0111611 (1061, 611

30 111 (16 6611666166 16 (16 61666611, 616 6661(1(11·6661(10(16,1110116611166111161-66161
11161 (1611 κόσμος. 13001 (16 201616 16 (1116 001( (116 κόσμος 6611661 6611’01(1(66. 001(
(111 111061 11001 1161 τέλος 111661· 16611166606611. 001( 111 (166 κόσμος 111061 (16 1161-
661166661166 1666111 (10(16 worden 6606611666111.

Ζο0 11101111 (16 Ε661161010616 66116611 6161616 06661161 616 661110061616 Wie (11611
106116 116161661, 61601 (166116 1161 616111611 1100612661( 16, 116611 (16 1)0611161161( 1111
616661. De Locus (16 610116 10611 110011 bij 1161 6666611161. 111 (16 Ε661161010616
1(0611 161· 6616116, 1106 (16 (100(1 11611116116(1 11101111. In dit Τ116010616611 1161-66161
1111 1166(11 (16 13066161161( 611616616116611 06, (1001· 6611 6611661116 6616111.

De Ecclesia, (16 Μ611116 Gratiae, 611 (16 Νον16616116 2611 (16 1166166 van (16 111
(16 ,ξ 0616611161166 1061. ΒΘ Locus (16 {sacramentis 16 06 (111 0066116111( van 61661·
6616116; 1161 Μ6(111161 Verbi 16 111 (1661106116 (16 S. Scriptum 1101(10611(16 6611611(161(1;
(16 16161616 1100161611166 van (16 1316616616 16 111 (1611 16616166 tijd 111661· 661(66(1
6611016616 01161 (16 866161116111611 66616611 1106 menig-te 11611 1116116661·166611; 1161
16 (1611 001( 666 1166 (16 6106666616 611 1116661 ingewikkelde Loci.

