130
College-diotaat vanben der studenten (Dogmatiek).

waarop 00 100111 (1000 000011, 01001· (101 10 (110 11101010, 11100101) 00011 11010011100
van 201100 10, 1111 0011 10100 10 0001101111, 0011 101·1·010οΐ001)οκ00(1, 0001101110 ersis
ontbloot, 001 111 (111 00210111 010111101000 κόσμος 1010001000, 01001· (10011100 00001·-
schemen 10; (111 10110111 11001 (1001001 ἅγιον. En 110111010011111110001100 dit terrem
011 (100 κόσμος 10 (111, 001 111 01011 111-1110 00 11010001110010 1110110001·111101·κ1,111001·
011 (101 10110111 10 0011 011110000111110 (101· 201100. (Rom. 8 ; 1). 130 0001) 10 00130011,
1110010001· 111011 1111 (110 11101010 01) (101 11011100 ers 0110100013. Hi] 10 01200 1001ζο0
11011 1101 0110100011 1111 (1011 0111101200110011 111 (1011 110120011000 10110110101110.
(1 Cor. 6 ; 11).

Op 111011ῐο 201100 1111 2101 (110 0111110000111110 0001· 1101 01000 11011 Christus? In
(10 (1011100010 10 (1020 (10000110 11101 111 Art. 34, 01001· 11101 111 1101011111οΙ over 00
01120000 (Art. 15) 1)001)1·0κ011. 13001· toul-1 10001 111011; „zij 10 001( 201ΐο (1001· 000

 

(1001) 11101 0011001101111( 10 111010 0000011, 110011 0011001 1111001·0010.” In 1)]0010 van ’ ’

,,11101 00110011011311,” 100 111011 111-00001· 11001( ,001100110111κ 11101.” Ηο1 1000100111)
01101· (1020 1110010011 was 011 10 1100 01001 011 00010111 01001011 20 wat 110001·
1000011001.

Wij 200011, (101 01· 10 11110001101 101·1·0111; 0011, 11100101) 00 20000 00110120001111ζ,
011 0011, 111001· (10 20000 01001100001100 10. 130 (1001) 10 00 1)001·1, 1110010001· 10011
11011 1101 00110 111 1101 000010 0110101101. Ν11 0010011001 (10 (1001) 0101 011000 (10
01111000011100 11011 (10 (10001111ςο-, 01001· 001( 1100 (10 01·120000; 00 0111100001110010
0110010111. 130 (10001111ζο 20110011 21311 1001111011001, 1101 peccatum originale 10
001110011001101)1)011]1ζο 00111110 11011 1101 00000110 000001001101), 1101 10 00 00111110 van
(10 111011001111010. ’

111 0020 κοινωνία 01200 10 00 01111010 1101101)1·0κ0111κ 11001· 00 00111110 0001· (10
00110010 κοινωνία 0011100111.

1300110001101101· 110011 111011 0011 011001· 10110111, 001( 0011 κοινωνία, 1110011100 1101
1301100110010 11101 10 Adam, 111001· (3111101110.

Waar (10 01120000 1111111001001 10 11011 00 20110100 00100011001101) 111 (10 11101010,
(1001· 10 (10 (1001) 1111111001001 van 00 11011100 001110011001101) 11101 Christus. Doop
011 01120000 21111 0110 11001 00 1000111)001.

130 10210οῑ ,00110011011111 11101” 10 (1110 1101110010, 111011 2011 (10 Ζ111111011001100110
1100101011100 14111000, (110 0011 0011 0001) 0110 effect bet-wist.

111001· 11101 0010011001 (1011 1101 ,11101 0111100110111κ”Ῥ 1311, 001 (10 01120000 111101
111000011001011 10 110101111001, 10001· 11101000001101111( 00111001. Εο11 20110001, (110
1110(1οκ001)01·011 011 000001)1 11110101, 10 0101 0011010000 1101000100 1101110, 11101 0011· ”
0011011111 van 1101 11100001) 011 1101100111 (101· 201100 11011001. 130 1110(101·001)001·10 10
1101 1011100100 001101· 1110111, (110 01001110 00000110111κ 101 0111111111110111101101111. We]
(10 kion] (101 201100 10 000000, 1110111· (10 01100 11101101 0111111100 01000011111)01100.

1)(ἱ 111011-11100110 (1001· (10 11011100 schrift gem-uikt vom· 1101 0110100011 11011 10110111 111

