44

college-dictaat van een (161· studentem (Dogmatiek).

hierom 111661 1161171766111616 16666 6116 661111116116166,1661116616166,666116ρ1161116 662.

1361 61 6626 6611616611 op 6112611 1766611666661166 11666111 266 weng opgroeiden, ι

,

16 17166111 1766 1161 1611616666116616616, 661 161366 6166111666 werd 666661166666.
Os 11166 6611 611661· 66 1716111611 16611 66]( 61611616 171661, dat Wijsf, op 66
6166616666 21](16 661 1(611(ῗ) ι16171761, 111661 6611661 1666616661(1 1761111616661(1)6616

karle, 6116611 11161 6611616666 161 66 unio mystica 11161 (3111161116; 611666 6116 16 ζ

*sl

mystieken 2111. 0176161 666611 11166 1717661, 661 21], (116 66626616 666 1166161(
166666 op 66 mystieke zijde 1766 1161 1116116616 1766 Christus, 661761661111116 zijn
voor 66 1(61·1(, 16 (116 111616 26116, (161 21] 661 6611 6661) 1717611116 661766 66 1161
6176661666] 6116666166. Τ61 21111(6 (1166176 661761666 1(6161 11166, 616 61· 6161 111661
1116616616611 66666111 17176161. 11661616 16 1161 266 666616, 661 66 61616161111661666
1717661· 161 2611761661 1166616 661· 171766111616 1717616611 66661616.

Η66 16 611 1161 6166661161 661· 11611166 schrift 111 261(6 1161 Supra- 66 Infra-
lapsarianisme? Zij (1661 (16 1666166166, 17661611( 661· 616116111161611 666666616611,
161 111111 166111 1(6111611. Voor 611( 2111166 we 6611 1116616 61166166.

Η61 661616 6166611661, van (16 8111116-16666111, 16 661 17611 666 brief 666 Efeze.

Es. 1 : 4. 136 11161 661111(1(166 1761161166 116611 66111661(1, 661 311161Α1’11116161166
611 Ε11116611611 van 6626 1116616 hebben misbruik gemaakt. 1361 „opdat” finale
61661 11161· 1761611·61(1 6161 6116661616, 1161 1176161 6611, 616611 God 1766 zijn zijde
gaf 66 111117611(162166, 66 wi] 17611 61126 21366 1161 1161116 21111 66616611 16666166
1661766666. 1361 16 176161161(1 6161 (16 1166661166 (161 1717661666. 136 216 16, 661 Hij
1161 16, 616 6116 ἐξελέξατο, 611 (161 Hi] 1161 16, (116 11161(611 2611, 661 Wij 26116611
2136 1161116 66 6666116661111( 17661 Η616, 11616666 1161176266 17176161 6661 11616666
66666661161( 176161; προορίσας ἡμᾶς. Η61 661166616121311 is 6617616 1766 (16 ἀπολύτρωσις,
66 6626 16 (1661 (166 1161717611(61611166. 131116 6116116121111761 811616-1666166116166661161.

Rom. 5 ; 8 V.v. 6611161, 1176161 1161 66116616 117611( (1666 661·61(6116 van af 1161
punt, 661 Wij ἁμαρτωλοί zijn. 1311 16 dus 1161 21111761· Infra-lapsarisch standpunt.

Α66 (1626 11666666117166 61661611 17176 666 6116616 6666117666 1661766666.

Van 616 6166616666 116661166117166 1(66 men 661( 666 6166616 1661166. Dan
1176161 1161 661116 11161161ῑ 6611 6166616666 6617611166 16 hebben, 66 6116616 661161
61616. 1311 6166636 is 61616 666616 666 1161Ρ6111116161116. 136 Ρ6611161611(6611
616666 6611616666 11161 2611 6166616611 proces, 111661· op 1161 6166661161 1766
(1666 Woord 111661 661 6166616666 1166111) 611116 6166616661· zijn 6611 1161 11161611-
11661·611 1766 (16 6616 (1666. Η61 6166616666 16 6161 6111 1161 6166616666, 111661·
616 16 171661666166 66 Μ6]661611 (1666, (16 Τ116661666 1666661761 66 1166166 van
Satan. 16161616, 117616 611 11161 266, 666 171766 61· 16611 1166 11761 6611 6116616 171766
661176661, 616 666 6166616666 1(61’1( 16- 166666. (166 1166 (166 611666 66 666 1761
Adam) Eva, Ka'l'n 66 Abel 111 (16 1161 6611661766 te werpen, 66 6611616666 666

  

 

