ξ 20. De Effectu Baptismi.

,1161 11111116111661 111111 (1611 (10011 16 1161 261161 van (1611 1611611(1611,(10(1
1116 16611611 111111 inlijving in 1161 genadeverbond. 13626111111111116116611 6611
(1111111616 211(16; (16 66116 111 1161 011216111111116, (16 andere in 1161216111111116,
611 111 1111111 gelang (16 (1009611116 111111611101611 16 of 11161 111111611101611,
1162651611 (116 (10011 (16 innjving 111 1161116 tegelijk, of 11116611 111 1161 11111111611-
dig genadeverbond, (1. 1. 111 (16 Κ6111 111111 (3111161116, gelijk (116 1111161
216111111116 op 11111(16 11111101111.

01161111116 1111 (16 1111118· 111111 1161 genadeverbond 111111 (1611 kring (161
ongeheiligde 11161’61(1 11161111 011(1616(τ1161(1611 16, (1111 (16 2011(16111 (1611 kring
(161 11116161(1 011116120611(1 lig& maar 111 (1611 kring 1111111161 genadeverbond
116120611(1 16, 200 16 (1626 inlijving 111 1161 genadeverbond door (1611 (10011
60 11160 1161 0116166611 1111 (16 0111161’20611(11161(1 111 (16 116120611(11161(1 611 (1116
1161 (1661 6116116611 111111 (16 afwassohing 0112612011(1611 (1001 116111106(1 111111
Christus, 611 (111 111161 principie& 611 organiseh, 200(1111 (111 ,,116120611(1 zijn'⁷
211311 111161161116 1Θ 101 (16 61“12011(16, 611 2010111116 (1611(1111161116111116 2011(1611
111 1161 1161166611, 1161 116(1611 611 (16 10611011161.

Ι)11 0116166261 worden 111111 kring 111 111111911661 ἁγιάζεσθαι. Er kan (1116
66611 611111116 21111 van 1161 (1001 (1611 (10011 ingehjfd worden 111 661111111111-
66111116 116111; (16 (10011 16 611 1111111 11111111 bezegeling van (16 inlijving in
1161 genadeverbond 611 (1116 111 (16 06011111611166116 116111. Vandaar, (1111 (16
(1001) 6111611(1 111061 worden 111111 11116 116111 of kerksgehjke, waarvan 1161
116111106(1611 1166111111, (1111 26 nog 6611 (1661 van (16 06611111611166116 116111
11661111111 611 1161-(10011 111 2161126111611 6611 ongerideheid 16.

1)626 inlijving 111 1161 genadeverbond of (161 1161206111116· 16 6611 611
(16261166 bij (1611 (10011 (161· 116111111166611611 611 (1611011116 111111161611 (161· geloo-
1113611, gelijk 1111(161· bij (1611 11111(161(10011 2111 worden aangetoorm. Μ11111·
110(·11 bij (16 11111(161·611, 110611 bij (16 110111111166611611 brengt (16 (10011 6611
11161111111116166116 verandffling 111 1161 besta-an tmveeg doch 11161111111161111-
tend op 1161 6610010, 1161211 (111 11ος 110161111661, 1161211 (1111·66(16 actu
01111116111(16.

Vandaar (1111 111 1161 166616 1166111111] 111111 (1611 godoopto (16 nawerking
111111 (16 (1112011116 1111111, 0011 111 16 (1001 (1611 (10(111 11116 6011(11111·6 ι(161116611-
schal) 11161 (16 61’1’2011(1(λ vom· 116111 011ς611611611.

