248
college-dictaat van een der studenten (Dogmatiek).

661616 (1666171666. De Α1166661161611 6111666666, (161 6611 kind in Adam 661· 1761·-
doemonis (1661666116 16, (16 6666666616166, 661 6611 kind (166 1761661166 111661
666611661176 worden in Christus 6611611166 16 21]11.

Op 176166116166116 11762611 heeft 11166 66116661 66 1176616611 1766 (1626 171666 16
161-(11661611. Μ661· (16 provinciale Synoden 611 61666611 11666611 616666 1161 goede
6166666111 1761666166. Τ61 6611 16171616 (161· 11161-616 1(1176111 1161 gelukkig 116611.
Damon] 1761611 (1626 666661116 661( 66611 66116661 11111616661116116611 610666.
Μ661· wel 116611 111611 6116666 66 6116616 1161111116 1711]66161611 611 666161] 6611 17616611
6166666 66176166. Op 21611 2611 16611 16 61· 111616 16666, 66111166 6611 6666166111(-
66666 66 (1611 6666 (1661, (1611 11616666 111 1161 1611661161· 61661. Μ661· 16611 16611
(111 6611111661 16661666, 61116611 1761611 661( (16 6611166616 1766 (1611 6666 176117616611611.
011661· 1161 6611116 van (16 1711111616 (161· 1(61·1(611, 1717661( 111611 1766 66 661666616 as.
Μ611 1161 (111 66666 11161 116, 1171]1 111611 11166666 1711] 16 21]6 6111 1161 61 of niet
16 6661111666, 111661· 1717111 mon (1611 11111666 61· 17611 11161 61661· 661666. -

Ο111 16 6617171]2611, (161 6611 61166111 1(111(1 11161 11166111 67616611 6666661, 661166
men 21611 17661( 66 Dent. 23 : 3, 117661· 16 (16 81616111761161166 ’wan door 66616616
16 6176166261. dm nu beteokent ,,1761·111611666,” 111 (1611 216, 11766116 1161 61] 161-661
6116666116616 171766, dmm nu 16 iem-and, (116 611 6611 61166661166166 1761666161116
66661611 is. Μ66111]1(1161(1 6176611761 66611, 661 1666 11161 6611 111611111761111, 111661·
6611 6666117616 1761171766111. Wanneei· nu — 261 111611 - 611661· 161661 66 spurius
11161 konnen 11166111 111 (16 1761666611116, 266 11166 661( 21111( 6611 kind 611661 1161
1111661176 Vei-hond 1161 1666611 (166 Verbonds 6161 6611766666. 01126 17666166 261-
6611, (161 61· 11161 61661, (161 66 'dmm 11161 161 1161 17616666 66666166, 16661· in 66

‘an 11161 11166111 6661611 d. W. 2. 11161 1166661666 66 1666111 116666, 6161 6116
16611166 (166 1761661166 116(1.

1366161] 16 11161 6611 Ἥβῃ 11161 6611 61166111 kind 6666616, 111661· 666 kind 6666-
166 uit (16 176111161161116 17611 6611 ,1666 611 6611 61616666. 1)66661116616,176111717661
16611 11116166, 1176166 1Ο (161 617616661 611 11661611] 6161 6611661611 161 66 26666,
1176611661· geon 17616617166 16; dus 16 (16 171666, of 16111666, (116 (16 261166 666661,
161 1176616611116 6616111717 1(61111; 17176111 1761111116 1611161166 (1661 6611 1161 17616666
11161 1161161 666 6611 16661666, 111661 6611 (1611 61661, 266 1666 661( 1161 kind 1766
6611 6176166616166, (116 161 6616111717 1(61111, 11161 (6166616166 171761·(166; 2e (161 66
toerekenbaashoid 1766 616 (1666 1161 61] (16 6116616, 66 11161 61] 1161 kind. Het
66166666 van 66 611-61 66 1161 1(111(1 2611 6116 166611 (16 661661111611616 1666611.

1116161666 1761117661 16 (16 quaestio, (116 21611 111 1618 16666 1766111666, nl. van
(16 66661611. ’116611 1171] 111 (16 0661 6621111116611 1(16666, 6666 21611 1161 66176111761
66116 17661, (161 iem-„md 6611 6616661666 in 21]·666216 66116111, 1116111611766111616611
1161 111 (16 6111·161(·1’1]1(6 religio 66 16 17666611. Nu 6111611166 16111616 6111111661611611·
66666111 266 6666616 mogo-iiij 161 don (1666 17611 266’11 1(1116 over. Daarom 17166-

1

