243
College-dietaat van een der studenten (Dogmatiek).

1100111010. Η1] 110211 111010, 0311 (10 van God gekrogen 1(1·30111011, (110 17311 plus 111
minus zijss 0111900139011. 173110331- (131 Satan 90011 01191113111011 110011. Ν1010 1(311
111] 1111 210112οΙ1 110(10111(011. 111 (10 01011010 201100 van 1170111101 1(311 831311 3110011
11011701·Κο11, (131 00 1110110011 111 1100113111011 1131100101 1101 11011190 1111117011]Κο110010
17311 Christus 011 21]11 1(01“1(.

133310111 200111 111] 001( 21011 10 11103111001011. Zoo 21011 wi] 110111 17317011 111 1101
hart 17311 judas. Op 9011]Κο 111711201100101111]ΟΙ1110111011311111011·01(1(1119101(101(01“1(.

1)020 1131100101119 1(311 21]11 Of generaal 01 011001331. Εο11 011001331 1(31’31(101’01·009
010 1131100101119 1). V. 10011 111] 111 (10 111100010011117011 (10 menschen 110011 3309011010,
0111 voor 110111 0011 (11011013 111 10 1101113011, 1117331111] (10 319·1“1]0011]1(010 0119010011119-
1100011 011 1111000010 91111νο1030οΠ 1113310 11300011. Er werden 10011 111100011 17001·
Satan gehouden.

In Openbaringen 10 001( 3311900310, 1100 Satan in 1101 133101001· 0011117011 21011
231 1110011101001011 111 (1011 antu-brist. GeliJk God 0011 1110110011 11101 0011 110010
00111011, 200 231 001( 031 110001 0011 110010 0139011. Ζόό 231 111] 001( 173100110 111-0-
101011 00011 011013311; 011 011 (10201100 1171]Ζο 310 (100 00 sam-amentem 17311 (10011 011
3νο110111331 1100113 1119001010, 231 001( 111] 111700 10οΚ01101] 9017011, 0111101 11001110010
011 3311 (10 113110, 2011001· welk& 101113110 20110 11101 1013 0011 0019011111( 11001111 231
worden 1009013103.

[111 011 31100 10 1101, 0110 0111001111(ι 1100 Satan 1101 1001091 011 0011 1111113110 17311
00 1(01·1(.

Το1190170190 11101133 11730 1101 17011(0111011 113111111·1111(, (131 111011 111 (10 (139011 der
Hervorming 00 171339 010100, of Rome 11101 10000 was (10 3111.1-(·111·101011]1(0 1(01·1(,
011 00 113110 00 100010 ammom-ist.

De Hervorming 110011 (1113 900011111111111 11101 (1091113110011 101 1033111010 9011130111,
011 (10 131010 901010111100100 00911131101, (110 0011 1(110011 0001·1131(1011, (100011 (111
0190111111( 11101Ι 011 1·0101’1113101“100110 1ν1]20.

131] 3 Marc-‚k vinden 1170 0011 11001 1111111011019 1101009, 031 111011119 013001(1101101;
111331· 11731111001· 17170 11393311 1101390011 11131111011 310 Calvijn 011 1111131101· 3311933000 011 ·
1111111 902090 1101111011, (1311 1111]Ι(1 1100 21] 0100001101111011 903312010, (1331·01701· 11001-
1101 21011 uit 10 0111-01(011. 01120 1(1001(010 (1093131101 1173390011 (111 017011111111. Ζο110
0011 111311 310 (111100 (10 131317, 010 10 1111110011 17311 (10 00111·11(1(011]1(010 90173100
100100, 011 0113Κο 11101 (1011 111311010οΟ0 21]11 1101110011ἰο 1102090100, 110011 (1111111111
010000 111 21]11 0011100010 9011100011. 113101· 110011 wel 0011 (101· 113901101011-0171100011
11101 11011·01(1(1119 101 (1020 2331( 0011 0010001 9017010, 111331 111011 90110011, (131 (111
90011 9131100111 111 (10 0011331 11701111 109011ονοκ 1101 0011113119 901111901110 (1101001010
9011119011 vau 00 Reform-atie.

Na 1101 11(·0111·01(0110 21]·11 wij nu 111 01331- (1020 2331( 101 0011 dogmatismo
(1111000109 te· 1110119011.

