46
College-dictaat van een der studenten (Dogmassiek).

1(1111 1(00101111( 0111101( 0011111011, 10111111 (10 10011101· 11101100 11101 ’111 0111111 10. Maur
1111 111110· 11101 dio 1111110011111 1111111110 11011011, 11111111· 11110011 1101 111011111111 111111 (1011
0111111 101111 11011110101111 0011-011011, 111 011011 (10 1101111110 10011101. ἡ Mam· als nu (10
10011101 011 21111 kal-mer 211 011 1101 110111110 1111110 110011 0110011111111(1, (11111 10 (1111
1101 10111110 11101, 1110 1111 1101 (111111 11001· 21111 111011010011011 011111 1001102011. Vonnis
11101-(11 1101 00101, 1110 1111 111 (10 01111111111110 van 1101 111011111111 0111100111, 011 0011
001111111110 01111110, 111 0011 0011-1111111011 1(1·1110 111111 1111110101] 1011110111 21011.

Εο11 (1011111100. Op 01111111 11101 21111 1110111111 1110111101011110, 10 11101 111001 (11111 0011
0010011111, (1. W. 2. Μ111111001 N. N.7 00101 111 (1011· 1(01·1(01’1111(1 of op (10110100001001
10 hij 11111000101111 1111101011111001.

130 0011001110 1111 (1011 1111110100 11111, 0111 1111 00110 Α110111111111111 10 0111111 1101111011
011 0011 Ε111111001100110 111111111110 of 011 def inwijding van 0011 00011001, 011101
1110110011 111111 1101 Α110111111111111 111111 2101(011, 10 (11111 001( 01121111110. Ενο11111111 kalp
0011 Ε1111110011011110 (10 01101111110111011 (10011 00111011011.

Op (10 1101111110 111110· 111011 21011 11101 0010011011. Ζ11 11111111011 111011101Α110111111111111
111010 10 11111000. We] 111 111011 011 111-0111( 111011 01, 011 0111111( 01 01101 ’0 11001011
1100(1; 11111111· Α110111111111111 11111101] 20 11101.

130 110110 Ecclesiae nu 011 (10 01101111110111011 10 11101 (10 110110 1111110011 0110010011
111011111111, 11111111· 111111 0011 010111110011 111 1101 1011011 0011011011 111011111111.

Μο11 110011 1101 111. 11101 00110 1100100010111, (1111 (10 1(01·1(1ῑ100111111 1111101111011111111,
011 dat 1101 01· 11101 op aankomt of 11( 01· (10 001001110011 011 1100; 1110 11( 11111111·
11111010111110010 1100, 111 21111 20 100011011111110, 011 10 01 00011 0011111101· (100 11001011,
(1111 (111111 10011 (10 1(01·1( 10. 13111 10 (10 1001 111111 Rome, (10 (3101110 10 (10 0100111111(0
Ecclesia, 011 111111 (10 111111101·0(·11101(011(; (10 1310111010 (10 Ecclesia 10111000111111111111 011
van (10 Ε11110011011ῑ 11111111· 00011 0010011100 10 011 0011 dorp, 200 10 01 (10 1(01·1(
10011, 1110 01· 11111111 0011 (1011111100 10, (110 11111101110111 011101. Α1111 (10 011111111110 van
0011 (1011111100 11111 111011 0011 011111110101 1111101001110 1000000011.

1311 (10011 (10 (1010101111001110 Κο11( 110011. Ηο1 1111101 1101· 0010ον10011 111111 20
001( 011 (10 001110111110· (101 01101111110111011 11111(0111011. 111 110 111111010 1(01·1(011 110011
111011 (10 0011001110 1000νο0111 0111 11101 111111 0011 1111111 1001111112111011; 0011011001οΓ
1(01111 011 101101· 1111100, 0111 1101 01101111110111 1111 10 1110111111. Ζο0 111 (10 Ε11100111111111-
00110 1(01·1( 111 Ε11001111111, (10 1,111111·101’110 1(01“1(, 011 0·(1110(1111·1111(111ῑ11(011(10151111110011-
6010101111001110 1(01·1(.

Mam· 111 (10 Goreform&erdo 1(1·1·1(, 111 (10110110, 3011011111111 011 011 0110, 211 111011
111111 0011 111101. Η101· 1(01111 1101 111111111101·0011101110·οη uit, Zols deelffl 20 het,
010011 011 (1011 beker 1·011(1; 1110 0101111011 111111 1101 instituat 11011011 20 op.

130 1(01·1( 111 1101 2100101110 (1001 (1110 110 111-110, 01111101111100111, (1001· 1101-011111010-
(11-1101·1·0. Zij 21111 11101 01101001, 11111111 (11» 1((·1·1(, <lio 1110 institunt (1011 1111101011111-
gers 1111111110111 011011.. zv (ΔΓ 1111λ 11130111101, 011 dt· 01110011110111 biedt.

