49

Collega-dietaat van een der studenten (Dogmatiek).

  
   

Η1611111 110191, dat 01116 89111111111131116, Μ6111001131116 611 Α116106191131116, dat 61611 αα161
wan 1161 9696116106νῶ 9113166111, 111061 worden 1696119631110111. Ello 616661 61116 116011119611
heeft 1161611· 619611 316111619111111, 11161011· 61116 111131661111611 691161019011113611 1661011161 der kerk.

Het 811111111611131116 60191 01116611 11001 616116611.

Η61 Μ6111061131116 60191 61116611 11001 016 6161 van 61611 1161α316.

Η61 Α116106911131116 1011 1061 6611 11161110 161611, 11101611 3696116161 11616131 1161 160611 0161

10616160· ’1 wil 6611 11161110 0196111131116. 616611 016661 61116 1161111119611 (11616191 616 6616
610613 010 1161 116111, 6116 01116611 9611611161116161101 1001611, 10011111661 016 001311101116619166 3611611-
111119 101 910116 1601111.
1 111 6611 611161616 0036100116 61111611 106 61131111 061161110161611 de tegenstening tusschen
den tweeerlei weg, dien God voor zijn kinderffln heeft besteld. Er 13 11101611 6611
ζΝαα111, 01001 1616111611 106 6111061611 661119 1601611611, 11161011· 61· 13 1106661161 1069. Daar 13
96611 6611191161·οῐ 01111611 Christus, 616 01011 116111 61116 9611161616, 611 01111611 de 106016196-
000116 6113 961101616106116 111 01166 6161 9610106111,· 11161611 (1016111161 opem 61611 1106661161·
1069, die 61611 11161111 1661661111, 61611 61061 met 611 6911 111116161611 9601111161 0001 1161 600
66611 063111016611 61061. 1111336111611 6611 611611 91001 61661, 61611 61061 11161 11001 01110091116116
9601111161. Ν16111011101 166111 dett 6611161 11111116116611,· 11161011 106 1061611 61116611, dat 111 01166
601131619166 10616161 616 116111 13 1069963101·1·»61’1 10011161160111611 101 061011316911. Nu
6911 611 6116 11069-10693161661161611 bf 1611016111 Of 11161,· 111611611 11161, dan 1061111 God
111 11611 616 106016196000116 611 019161 1161 61113 111 dez-alken, 61011 (1061 1161 1611060611 op
61611616 11161 11006119 116611 0111 01611111611361110161666119116111610161100661116 016119611. 116113
61113 1613 9611661 611161613, of 106 1161 1610191 116111 610613 111116161611 op 61666 (1611616 6113
01111006119 of 1113 0061006119 06361101116611. Noodig 11001 616 6011906161 1.·3116111161,11161α1
1161 61061 1191 111 1116196611 106 11161006611 111160611911600611 063]11·011·611; 611 (1616110111,
overbodig 13 1161 6661191111.

Ηί6109 311111611 106 6611161 op 6611 6196110101161196 11106161911116161. De Η611196 86111171
10611 10931 0113 091161 111131111161161 ορ 611611 6611611 1069, op 61611 1069, 611613 611961661661161
1001 11611, 6116 1109 6611 1961 11161· 0611661611 1610196611. 01161 61611 1106661611 1069 1001611
31601113 1100931 66161611 96391016611. En 10611 06316101 61 6611 6661 9100116136111111133611611
011611 1106661161· 1069. Ζ9, 6116 61611 66131611 1669 061061116161611, 111061611 61611 0611661611,
9610011611, 3661611116111611 960111116611 6116. Ζ9, 0001 1016 616 11066616 1069 06316161 13, 1001-
61611 11161 6611 106616196000116 111 1116111 0996110111611 111 1161 166611 6161 0661191606161 611
1613101111 0116196916161131 111 616 11310. 0111 dit 611111111611661916 011616136116161 616111 6611 6616116
(11110161916 16 610611 61611.- die 661316 116111 heeft 011163 α6111 (10613 Wooo-d; 616 11066616
heeft 610111 1161 11700161 16111 Gocz 111613.

Waarom 10931 1111 616 Η611196 861111Υ1,1611091 61· 11066 611111696066111116611100116η616
1069611 6911 31661113 61116611 op 61611 66131611 16692

Η61 111111000161 13 661110116119;011161α1 616 11611196 8611117161116611 11001 de 106111016-

1616113 op 61611 66131611 1669 is 96961·611.1)ίι (11161616 116111 11661111 61061 1116911 0111111-61
4

